67 0.4990859375 0.3712421875 0.998171875 0.734578125
1 0.836671875 0.1669921875 0.31721875 0.323921875
46 0.5137265625 0.0810078125 0.063234375 0.102734375
49 0.21092968750000002 0.07154687500000001 0.102671875 0.06815625
51 0.39404687499999996 0.054421874999999995 0.23328125000000002 0.10884374999999999
57 0.4166328125 0.5279609375000001 0.113140625 0.078046875
57 0.1576328125 0.339609375 0.031453125 0.05265625
51 0.5761484375 0.069015625 0.104390625 0.104375
57 0.7846015625 0.40845312500000003 0.131953125 0.08375
57 0.5277968749999999 0.24828906250000002 0.08090625 0.05745312500000001
57 0.2982421875 0.17596875 0.047796875 0.0455625
57 0.43909375 0.5032421875 0.05315625 0.046203125
57 0.5058046875 0.5126796875 0.029765625 0.021296875
57 0.21880468749999998 0.36400781249999997 0.038640625 0.025171875
57 0.0170546875 0.2114453125 0.034109375 0.034984375
56 0.2091640625 0.338828125 0.08529687500000001 0.06884375000000001
