34 0.39557031249999997 0.1948359375 0.068734375 0.048953125
34 0.041625 0.5203984374999999 0.08215625 0.067484375
34 0.74165625 0.5988828125000001 0.05265625 0.07357812500000001
34 0.5600078125 0.3509296875 0.067859375 0.029203125000000003
34 0.393171875 0.4799765625 0.028249999999999997 0.024140625
1 0.3016875 0.4719140625 0.2561875 0.532578125
1 0.0337421875 0.45590625 0.067484375 0.5026875000000001
1 0.8776406250000001 0.553453125 0.24471875 0.39309375
1 0.1094453125 0.364125 0.048421874999999996 0.17753125
1 0.4912734375 0.501375 0.194828125 0.49725
1 0.7665859375 0.2623359375 0.046703125 0.062265625000000005
1 0.602328125 0.4460546875 0.11034375 0.368296875
1 0.12606250000000002 0.33754687499999997 0.04609375 0.16596875
28 0.06216406249999999 0.1813046875 0.12432812499999998 0.038859375
1 0.6534531250000001 0.3312265625 0.0573125 0.185984375
28 0.413046875 0.15710156249999999 0.14134375 0.048234375
1 0.8990859375 0.309140625 0.100515625 0.14071875
