1 0.32153125 0.6381328125000001 0.06965625 0.168546875
1 0.201375 0.668578125 0.050749999999999997 0.12003124999999999
1 0.5394531250000001 0.544359375 0.0215 0.047625
1 0.5925703125 0.54834375 0.015265625 0.0458125
1 0.633859375 0.5438671875000001 0.016593749999999997 0.047265625
1 0.6151015625 0.551734375 0.012390624999999999 0.038843749999999996
38 0.627890625 0.2374296875 0.24006249999999998 0.201203125
1 0.159046875 0.504 0.008624999999999999 0.0159375
1 0.248703125 0.506390625 0.009156250000000001 0.015875
1 0.2637578125 0.5074921875 0.004671875000000001 0.008328125
1 0.2742890625 0.5078046875 0.006109375 0.011515625
1 0.2 0.4984375 0.146875 0.084375
