72 0.8405 0.3231015625 0.31715625 0.360328125
72 0.6661171875 0.20880468749999997 0.157453125 0.149234375
72 0.5476796875 0.181421875 0.125953125 0.116375
62 0.0751328125 0.5459921875 0.150265625 0.220390625
62 0.39272656250000004 0.386390625 0.21135937500000002 0.1528125
1 0.443453125 0.3752578125 0.7888437500000001 0.5630468750000001
1 0.5004765625 0.3180078125 0.39273437499999997 0.335359375
74 0.7860390625 0.5276640625 0.078578125 0.045140625000000004
74 0.6720078125 0.310953125 0.051640624999999996 0.01946875
76 0.599703125 0.570171875 0.21956250000000002 0.18778125
44 0.5206875 0.208578125 0.02165625 0.07421875
76 0.62209375 0.34782812499999993 0.0631875 0.04346875
76 0.44744531249999997 0.2592421875 0.038453125 0.021765625
62 0.3014453125 0.255953125 0.044671875 0.10228124999999999
74 0.48876562500000004 0.23754687500000002 0.029375000000000002 0.014093749999999999
1 0.4415 0.20884375 0.12237499999999998 0.1921875
1 0.4315078125 0.1788671875 0.020578125 0.09148437499999999
