67 0.5 0.3765390625 1.0 0.578171875
48 0.04425 0.5426406250000001 0.0885 0.24025
49 0.9214296875 0.4338125 0.15714062499999998 0.14309375
59 0.483140625 0.48089843750000005 0.712 0.369453125
59 0.4292890625 0.17875000000000002 0.418828125 0.14209375
48 0.6568906250000001 0.175609375 0.07265625 0.06446874999999999
62 0.08924218750000001 0.073328125 0.11164062500000001 0.14665625
62 0.7113671875 0.060164062500000004 0.038640625 0.12032812500000001
77 0.725375 0.17540624999999999 0.048625 0.05493749999999999
46 0.1424921875 0.21209375000000003 0.162390625 0.24915625000000002
46 0.067703125 0.28286718750000006 0.13540625 0.282453125
1 0.40840624999999997 0.0706171875 0.5889375 0.141234375
