44 0.4203046875 0.266515625 0.025453125 0.06509374999999999
44 0.5364453125 0.1634765625 0.012890625 0.034640625
44 0.730046875 0.28590625 0.017875 0.045125
28 0.292046875 0.176609375 0.24271875 0.09078125000000001
28 0.142484375 0.2569140625 0.11253125 0.131421875
28 0.44067968750000003 0.098609375 0.09260937500000001 0.044187500000000005
1 0.3857890625 0.30734375 0.345328125 0.23384375
1 0.4545859375 0.1123046875 0.033140625 0.046203125
1 0.26697656249999996 0.1320546875 0.028640624999999996 0.024453125
1 0.42516406249999994 0.1127265625 0.029921874999999997 0.043609375
31 0.6841093749999999 0.160453125 0.07034375000000001 0.056906250000000005
44 0.5087109375000001 0.16471875 0.013765625 0.013250000000000001
44 0.41853124999999997 0.188640625 0.017093749999999998 0.038375
47 0.17059375 0.34086718749999995 0.03240625 0.037546875
47 0.43777343750000003 0.27678125 0.013234375000000001 0.020624999999999998
47 0.5198671875 0.2396640625 0.014421875 0.017296875
51 0.4626875 0.34360156249999996 0.0388125 0.033546875
51 0.48653125 0.249265625 0.036 0.02659375
51 0.20352343750000002 0.30874999999999997 0.030796875 0.02978125
1 0.027617187499999998 0.20450000000000002 0.055078125 0.301375
28 0.7496484375 0.070890625 0.063203125 0.11546875000000001
31 0.6238125000000001 0.2281796875 0.067625 0.060109375
44 0.39960937499999993 0.2396875 0.0143125 0.03896875
47 0.48593749999999997 0.200515625 0.01203125 0.0109375
47 0.7287109375 0.30237499999999995 0.013765625 0.0095
51 0.44414062500000007 0.25396875 0.045187500000000005 0.03765625
1 0.6271484375 0.0808046875 0.073484375 0.161609375
47 0.417703125 0.4296484375 0.025124999999999998 0.018828125
