3 0.0661328125 0.2252734375 0.035484375 0.031546875
4 0.851671875 0.3049296875 0.10621875 0.093546875
4 0.7501015625 0.3028984375 0.136765625 0.10782812500000001
1 0.4970625 0.28021875 0.7109375 0.14853125
4 0.2901484375 0.2563359375 0.263421875 0.044953125
4 0.1198046875 0.2296640625 0.012796875 0.015296874999999998
4 0.17309375 0.239578125 0.012656249999999999 0.018
1 0.11860937499999999 0.2175546875 0.0075625 0.008671874999999999
1 0.09690625 0.22478906250000003 0.011125 0.014140625
4 0.09728125 0.23057031249999999 0.005625 0.009953125
4 0.14796093749999997 0.2331796875 0.010703124999999999 0.012484375
1 0.149359375 0.219328125 0.01071875 0.01221875
