43 0.4096171875 0.6000624999999999 0.042046875 0.07956250000000001
1 0.350265625 0.642671875 0.18246875 0.26490625
1 0.5529296875 0.42714843750000003 0.076546875 0.162640625
1 0.18910156250000001 0.2483515625 0.050828125 0.077390625
1 0.40975 0.3720078125 0.056625 0.08004687499999999
1 0.35753124999999997 0.3686015625 0.062125 0.08695312499999999
1 0.25360937499999997 0.367109375 0.06393750000000001 0.08609375
1 0.2030859375 0.36264843750000003 0.050578124999999995 0.078390625
1 0.225140625 0.3127890625 0.0545625 0.101171875
1 0.2783359375 0.320234375 0.055296875 0.10703125
1 0.46095312499999996 0.0356328125 0.05059375000000001 0.071265625
1 0.3046953125 0.0701640625 0.050765625 0.095578125
37 0.320875 0.32575 0.012 0.0128125
62 0.498625 0.2896015625 0.046 0.049453125
62 0.51165625 0.250421875 0.053093749999999995 0.07275000000000001
62 0.4608515625 0.2420703125 0.047515625 0.058515625
62 0.6909531250000001 0.2456875 0.0510625 0.057625
62 0.729703125 0.2976796875 0.04009375 0.063578125
62 0.10690625000000001 0.378296875 0.044656249999999995 0.04040625
62 0.202203125 0.1271953125 0.0391875 0.036046875
62 0.44966406249999996 0.285453125 0.040265625 0.03803125
62 0.214765625 0.22057031249999998 0.040281250000000005 0.024609375
62 0.2793359375 0.1693203125 0.044546875 0.022265625
62 0.68184375 0.2914453125 0.05128125 0.052203124999999996
62 0.7095078125 0.1423671875 0.049203125 0.036671875
62 0.7344296874999999 0.2412890625 0.031140624999999998 0.052296875
1 0.3086484375 0.3625 0.057015625 0.10246875
1 0.124484375 0.06315625 0.04196875 0.08953124999999999
62 0.37734375 0.2171875 0.7234375 0.4
1 0.37421875 0.21484375 0.7484375 0.4296875
