21 0.722390625 0.385859375 0.059 0.0551875
21 0.40125781250000003 0.37896093749999993 0.067765625 0.055140625
21 0.34108593750000005 0.3696875 0.045390625000000004 0.031156250000000003
21 0.248234375 0.3683828125 0.02278125 0.031265625000000005
21 0.1033125 0.37617968749999997 0.050187499999999996 0.044796875
21 0.459421875 0.3825234375 0.0469375 0.053171875
21 0.4947578125 0.3781640625 0.066578125 0.050265625
21 0.146125 0.379390625 0.030156250000000002 0.0429375
22 0.6780703124999999 0.3248046875 0.12354687499999999 0.117453125
24 0.598609375 0.378765625 0.03965625 0.0665625
