52 0.03409375 0.29494531250000006 0.0681875 0.062390625
52 0.115625 0.2857734375 0.10787500000000001 0.077203125
52 0.20439843750000003 0.2621640625 0.12057812500000001 0.064453125
52 0.31487499999999996 0.2709140625 0.12278125 0.088453125
52 0.3924140625 0.255625 0.105421875 0.07596875
52 0.524921875 0.2708125 0.032 0.045406249999999995
52 0.072953125 0.46162500000000006 0.092875 0.075875
52 0.6306484375 0.2640546875 0.10123437500000002 0.070140625
52 0.714828125 0.445703125 0.09225 0.06971875
52 0.568484375 0.45339843750000003 0.1045 0.08139062500000001
52 0.1654296875 0.45217968750000004 0.11564062500000001 0.079984375
52 0.26928125 0.462015625 0.0368125 0.030625000000000003
52 0.007789062500000001 0.4589921875 0.015578125000000002 0.054671875
52 0.49140625 0.3703125 0.5765625 0.284375
