64 0.19904687499999998 0.3216796875 0.04628125 0.039890625
67 0.216171875 0.336171875 0.09353125 0.04059375
1 0.3188359375 0.2666171875 0.14810937500000002 0.203421875
81 0.7901406249999999 0.37693750000000004 0.05890625000000001 0.02734375
77 0.32363281250000003 0.217734375 0.009890625 0.0210625
79 0.45151562500000003 0.417578125 0.24584375 0.05971875
79 0.598484375 0.31472656250000003 0.0841875 0.20407812500000003
82 0.885953125 0.4685390625 0.22809374999999998 0.559546875
62 0.148890625 0.40284374999999994 0.12809375 0.19628125000000002
62 0.23277343749999996 0.3253515625 0.050078124999999994 0.082171875
62 0.1211484375 0.3031875 0.051671875 0.033218750000000005
47 0.5408984375 0.46093749999999994 0.026546874999999998 0.042312499999999996
67 0.1993828125 0.40449999999999997 0.122046875 0.15078125
47 0.5025781250000001 0.4492109375 0.027125 0.038734375
78 0.21885156249999999 0.211484375 0.089109375 0.06259375
