1 0.422296875 0.6173984375 0.128375 0.248296875
1 0.798140625 0.6114843750000001 0.3665625 0.2550625
1 0.8671328125000001 0.355265625 0.264609375 0.70184375
58 0.49746875000000007 0.41412499999999997 0.083875 0.27912499999999996
58 0.672171875 0.455484375 0.27240625 0.29715625
58 0.7959921875 0.3201640625 0.091984375 0.23879687500000002
1 0.0348984375 0.2656953125 0.067484375 0.154796875
1 0.78353125 0.1482265625 0.424625 0.296453125
1 0.23932812499999997 0.30346875 0.47865624999999995 0.6069375
58 0.429578125 0.2003125 0.1078125 0.12071875000000001
58 0.27439843750000004 0.28298437499999995 0.239828125 0.095125
58 0.5999296875000001 0.21868749999999998 0.162359375 0.15146874999999999
