21 0.2098984375 0.7196328124999999 0.024296875000000002 0.040765625
21 0.120078125 0.731734375 0.0474375 0.03721875
21 0.10757031249999999 0.7300859375000001 0.040046874999999996 0.043265625
21 0.49934375000000003 0.686734375 0.01575 0.0283125
21 0.29996875000000006 0.7039843749999999 0.0175625 0.033468750000000005
21 0.7853593750000001 0.6683125000000001 0.016843749999999998 0.01990625
21 0.47921874999999997 0.6910000000000001 0.0210625 0.027500000000000004
21 0.6489453125 0.67696875 0.023984375 0.018562500000000003
21 0.452890625 0.69346875 0.032218750000000004 0.029375000000000002
21 0.185828125 0.7314375 0.028125 0.0385
21 0.0751875 0.733 0.021562500000000002 0.031625
21 0.8117265625000001 0.6660937499999999 0.022828124999999998 0.03425
21 0.39371875 0.6934609375 0.018 0.027984375
21 0.68203125 0.67578125 0.1171875 0.0265625
