41 0.31340625000000005 0.25453125 0.1086875 0.040749999999999995
1 0.32214062499999996 0.147234375 0.19618750000000001 0.186125
1 0.6245859375 0.09449218749999999 0.060640625000000004 0.146734375
1 0.18787500000000001 0.312234375 0.0464375 0.07621875
1 0.7418515625 0.0935 0.044296875 0.137125
1 0.457828125 0.3137734375 0.06578125 0.117109375
1 0.6073046875 0.3198359375 0.038171875 0.105421875
1 0.7314453125 0.311921875 0.061890625 0.12303125
1 0.572296875 0.11609375 0.039718750000000004 0.09296875
1 0.37434375000000003 0.32378124999999996 0.0696875 0.09953125
1 0.6285703125 0.31703906249999997 0.027046874999999998 0.106203125
1 0.703921875 0.3108125 0.04315625 0.12690625
1 0.42352343750000004 0.326328125 0.024671875 0.09037500000000001
1 0.29046875 0.3221875 0.052125 0.09821875
62 0.6683125 0.14365625 0.03915625 0.035375000000000004
1 0.390625 0.20781249999999998 0.778125 0.3625
