28 0.478515625 0.48100781249999996 0.03596875 0.032296875
28 0.51475 0.465421875 0.029593750000000002 0.01184375
28 0.5457890624999999 0.47310937499999994 0.028859375 0.0073124999999999996
28 0.2608515625 0.46699218750000004 0.044984375 0.020984375
28 0.1848125 0.46146093749999995 0.05171875 0.016828125
85 0.5138203125 0.20471875 0.036078125 0.03909375
3 0.611609375 0.500453125 0.128 0.04725
3 0.4328984375 0.4834609375 0.050390625 0.022453124999999997
3 0.39571874999999995 0.4844765625 0.025500000000000002 0.025828125
3 0.3644140625 0.483328125 0.046765625 0.02890625
1 0.5180468749999999 0.4997734375 0.015562500000000002 0.042296875
1 0.0496953125 0.37799218749999997 0.09035937499999999 0.551171875
1 0.1648125 0.49709375 0.04959375 0.054093749999999996
1 0.25727343750000004 0.48210937500000006 0.024640625 0.03790625
1 0.2942421875 0.48090625000000004 0.049671875 0.054468749999999996
1 0.4797578125 0.5081640625 0.016890625 0.026953125
1 0.5401171875 0.4991640625 0.017171875 0.045953125
3 0.6522578125 0.48760156250000003 0.047328125 0.019828125
3 0.3159375 0.47214062500000004 0.032718750000000005 0.010562499999999999
28 0.519828125 0.47728125000000005 0.02090625 0.012843750000000001
1 0.49784375 0.4769140625 0.005875 0.017921875
3 0.237140625 0.48353125 0.06765625 0.031156250000000003
3 0.6849453124999999 0.48989843749999995 0.022546875 0.026015624999999997
3 0.181046875 0.4782578125 0.0074375 0.008734374999999999
85 0.5624062499999999 0.21507812499999998 0.01984375 0.0361875
3 0.0977265625 0.46845312499999997 0.036796875 0.01621875
3 0.137328125 0.4722578125 0.04384375 0.013578125
3 0.3339140625 0.486984375 0.053078125 0.027718749999999997
3 0.43984375 0.47421875 0.6734375 0.0546875
