60 0.424578125 0.6738906250000001 0.038843749999999996 0.03959375
60 0.5300546875000001 0.6940937500000001 0.049390625 0.04765625
60 0.57065625 0.6421015625000001 0.0503125 0.038515625
47 0.9644609375 0.28542187500000005 0.068015625 0.06315625
60 0.45186718749999993 0.64925 0.037828125000000004 0.0364375
1 0.3917734375 0.2778671875 0.12348437500000001 0.130109375
47 0.8787578125000001 0.3477578125 0.056109374999999996 0.061640625000000004
60 0.470796875 0.677984375 0.04240625 0.0463125
60 0.47552343750000003 0.62509375 0.041171875000000004 0.03365625
60 0.40407031250000003 0.712640625 0.044140625 0.0518125
60 0.447171875 0.7109609375 0.04475 0.044359375
60 0.546890625 0.6667890624999999 0.046875 0.041296875
60 0.5194921874999999 0.6269921875000001 0.035796875 0.043640625
60 0.5103984375 0.7254375000000001 0.049671875 0.049125
60 0.49546874999999996 0.6531796875000001 0.047875 0.045640625000000004
61 0.114796875 0.5462890625 0.0871875 0.046296875
61 0.6316250000000001 0.4288671875 0.11971875000000001 0.054265625
61 0.8986484374999999 0.580765625 0.101453125 0.04821875
61 0.86878125 0.689953125 0.07334375 0.04765625
61 0.8671328125000001 0.7270390625 0.080328125 0.045921875
