1 0.582109375 0.6226875 0.33578125000000003 0.522875
1 0.18791406249999998 0.5606171875 0.263984375 0.709171875
1 0.0528125 0.5539375 0.096625 0.17753125
1 0.6807265625 0.374375 0.138546875 0.26103125
1 0.423 0.6707265625000001 0.1535 0.31710937499999997
15 0.311046875 0.7559453125 0.15331250000000002 0.28195312499999997
46 0.6434140625 0.9101953125 0.077734375 0.17960937500000002
46 0.5185078125 0.7749765625 0.042234375000000005 0.102703125
1 0.11515625 0.8172109375000001 0.15534375 0.363671875
1 0.3332109375 0.532953125 0.11760937499999999 0.17984375
1 0.5568984375 0.5319140625000001 0.161109375 0.257140625
46 0.5131484374999999 0.5698359375000001 0.032890625 0.083203125
46 0.46394531250000004 0.66103125 0.029109375 0.0710625
31 0.282015625 0.5691484375 0.0816875 0.091046875
44 0.453921875 0.5752734375 0.06071875 0.029546875
