1 0.582375 0.3288046875 0.12596875000000002 0.390265625
27 0.44509375 0.646109375 0.1875 0.1858125
27 0.31428125 0.55421875 0.13615625 0.153875
27 0.5843203124999999 0.5475859375 0.113890625 0.155953125
31 0.36260156250000003 0.4717109374999999 0.098359375 0.087296875
27 0.728265625 0.51878125 0.1343125 0.11765624999999999
27 0.7280156249999999 0.598546875 0.08987500000000001 0.13128125
31 0.427765625 0.48274218750000003 0.10853125 0.091109375
31 0.727765625 0.5833515625000001 0.0743125 0.14129687500000002
31 0.923375 0.5570625000000001 0.03728125 0.059125000000000004
33 0.23278906249999998 0.3418828125 0.033109375 0.040921875
33 0.4344140625 0.47630468749999993 0.093515625 0.083765625
31 0.31763281250000003 0.5510390625 0.132421875 0.152890625
31 0.675265625 0.6252421874999999 0.1141875 0.249515625
31 0.8121796875 0.592109375 0.077390625 0.0854375
31 0.8958203124999999 0.6050078125 0.09867187499999999 0.13473437500000002
31 0.798265625 0.676671875 0.137375 0.12993749999999998
