3 0.3938984375 0.429421875 0.13764062500000002 0.06421875
3 0.6113515625 0.4465156250000001 0.245796875 0.07571875
3 0.21307031250000003 0.4154921875 0.048078125 0.027640625000000002
3 0.14935937500000002 0.4166484375 0.05215625 0.028078125
3 0.2935078125 0.4688046875 0.16795312499999998 0.096953125
3 0.1193515625 0.41203125 0.012828125000000001 0.021374999999999998
10 0.39046875 0.340296875 0.01353125 0.0376875
10 0.3428125 0.3431953125 0.018062500000000002 0.037140625
1 0.071859375 0.43802343750000006 0.0208125 0.074921875
3 0.035500000000000004 0.41371093750000004 0.029343750000000002 0.020796875
10 0.0952734375 0.3392578125 0.017859375 0.044203124999999996
3 0.1008984375 0.4137734375 0.025203125 0.014734375
3 0.0053984375000000005 0.41478125 0.010796875000000001 0.014468749999999999
