7 0.7843515625 0.26128125 0.43129687499999997 0.5225625
1 0.0668203125 0.362609375 0.044078125 0.07984375
1 0.35134375 0.3573046875 0.02978125 0.086359375
31 0.34369531249999996 0.3611171875 0.014359374999999999 0.018890625
27 0.0511015625 0.342125 0.015546874999999998 0.014468749999999999
1 0.4529921875 0.3542421875 0.045640625000000004 0.116453125
1 0.5308984375 0.315046875 0.019171874999999998 0.0231875
1 0.503765625 0.31616406249999995 0.0234375 0.021078125
1 0.49900781250000004 0.3886484375 0.015234375 0.016765625
1 0.595953125 0.3174296875 0.0114375 0.023296875
1 0.5658593749999999 0.31529687500000003 0.014656250000000001 0.021843750000000002
7 0.33899218750000004 0.33813281250000005 0.629796875 0.129046875
