39 0.20017968749999998 0.2872421875 0.044140625 0.052671875
1 0.256765625 0.44097656249999995 0.21725 0.346390625
1 0.14909375 0.1541875 0.09684374999999999 0.08146875
1 0.2763828125 0.08615624999999999 0.059015625 0.08853124999999999
1 0.2957578125 0.18643749999999998 0.10357812500000001 0.0885
1 0.4553203125 0.324703125 0.074953125 0.07740625
62 0.4122265625 0.249546875 0.059484375 0.0454375
62 0.46199218749999993 0.24942187500000002 0.056140625 0.04065625
62 0.507734375 0.249109375 0.0546875 0.045156249999999995
62 0.45548437500000005 0.21303125 0.043437500000000004 0.04171875
62 0.40896875000000005 0.2119921875 0.0421875 0.039421875
62 0.41128906249999997 0.17903906249999998 0.039078125000000005 0.036140624999999996
62 0.45494531250000003 0.179640625 0.040234375 0.03671875
62 0.49991406250000003 0.17913281250000002 0.044953125 0.038390625
62 0.3104140625 0.246890625 0.053796875 0.04375
62 0.501125 0.1154296875 0.04921875 0.042515625
1 0.37734375 0.2557890625 0.45659375 0.285390625
1 0.5327265625000001 0.4041875 0.065078125 0.11134375
62 0.5068359375 0.21217187499999998 0.058078125 0.033468750000000005
62 0.4968515625 0.1473828125 0.042765625 0.035171875000000005
62 0.1537578125 0.2440078125 0.052015624999999996 0.044765624999999996
62 0.33437500000000003 0.18671875 0.665625 0.2078125
