4 0.064515625 0.37634375 0.04 0.05128125
10 0.29291406249999996 0.1279765625 0.057265625 0.021953125
3 0.75665625 0.3228828125 0.08721875 0.08151562500000001
3 0.1536796875 0.4891484375 0.184421875 0.164921875
3 0.349234375 0.483046875 0.170125 0.1194375
3 0.8984375000000001 0.22953125 0.06809375 0.0531875
3 0.438421875 0.3739375 0.1131875 0.0823125
3 0.30669531250000004 0.381046875 0.140484375 0.09321874999999999
8 0.6068203124999999 0.2841328125 0.08745312499999999 0.10779687499999999
8 0.623734375 0.12210937499999999 0.10403124999999999 0.040749999999999995
8 0.48674218750000003 0.3091015625 0.081296875 0.08785937499999999
8 0.41680468750000005 0.5922187499999999 0.25189062500000003 0.1349375
8 0.8859062499999999 0.0900859375 0.034625 0.021171875
8 0.4763359374999999 0.1574140625 0.059421875 0.033671875000000004
3 0.9764531249999999 0.281 0.0408125 0.047093750000000004
3 0.5279140625 0.4724765625 0.136421875 0.13148437500000001
3 0.5779375 0.36577343749999996 0.10046875 0.09126562499999999
3 0.33853125 0.318703125 0.11253125 0.059375
3 0.5277890625 0.214203125 0.11276562500000001 0.05378125
3 0.487078125 0.30875 0.0823125 0.08515625
3 0.4578125 0.2015625 0.896875 0.246875
