37 0.152296875 0.3489375 0.05240625 0.05550000000000001
37 0.664546875 0.3619609375 0.0430625 0.052953125000000004
37 0.5212890625000001 0.5308515625 0.031484374999999995 0.047234375
37 0.6657734375 0.563078125 0.054953125000000005 0.04721875
37 0.274109375 0.5553984375000001 0.04903125 0.049671875
1 0.3992265625 0.41862499999999997 0.104859375 0.3471875
1 0.9117734375000001 0.3478984375 0.141890625 0.43751562499999996
1 0.592265625 0.345234375 0.2383125 0.49765625
1 0.500765625 0.43779687500000003 0.10193749999999999 0.290875
1 0.283359375 0.41404687500000004 0.13343750000000001 0.3469375
1 0.1215 0.42989062499999997 0.10049999999999999 0.32175
1 0.05846875 0.4038125 0.06896875 0.244375
1 0.7013203124999999 0.42326562500000003 0.094984375 0.30740625
1 0.1821640625 0.4085546875 0.091453125 0.29235937500000003
1 0.583625 0.49596093750000003 0.13321875 0.101546875
37 0.131765625 0.5357109375000001 0.04659375 0.043390625
37 0.01215625 0.5425625000000001 0.0243125 0.0393125
37 0.08817968749999999 0.5251640625 0.044078125 0.041078125
