3 0.11728125 0.534765625 0.2345625 0.78725
3 0.115234375 0.2144453125 0.23046875 0.22160937500000003
14 0.37528125 0.501125 0.28315625 0.62471875
1 0.473203125 0.1748671875 0.11846874999999998 0.310953125
1 0.603375 0.1707890625 0.12359374999999999 0.341578125
3 0.23245312499999998 0.22653124999999996 0.11853125 0.20440624999999998
3 0.2382578125 0.1274921875 0.174109375 0.186546875
14 0.3791484375 0.150625 0.053640625 0.07971875
31 0.5334687499999999 0.2347890625 0.051968749999999994 0.118921875
31 0.648625 0.1037890625 0.04025 0.06073437499999999
