43 0.120796875 0.0953203125 0.18125 0.120484375
1 0.38705468750000005 0.41608593750000006 0.352765625 0.5723281250000001
1 0.225359375 0.035984375 0.0883125 0.07196875
1 0.3085625 0.0378984375 0.08562499999999999 0.075796875
1 0.1332421875 0.036375000000000005 0.099390625 0.07165625
1 0.046421875 0.027062499999999996 0.07084375000000001 0.05096874999999999
1 0.3500078125 0.0331171875 0.062171875 0.066234375
1 0.50115625 0.037328125000000004 0.09421874999999999 0.07465625000000001
1 0.41107031250000003 0.03753125 0.096109375 0.0750625
1 0.5052109375 0.0381953125 0.081734375 0.076390625
1 0.5873593749999999 0.039078125 0.05653125 0.07534375
1 0.27080468750000003 0.0263984375 0.060265625 0.052796875
1 0.0129375 0.0309375 0.025875 0.061875
1 0.18509375 0.031210937499999997 0.06384375 0.059328124999999995
