1 0.8640859375 0.5209609375 0.085171875 0.210734375
1 0.7216484375000001 0.5604140625 0.052328125 0.060046875
1 0.7602031249999999 0.5367500000000001 0.0248125 0.03915625
1 0.87725 0.5549453125 0.14746874999999998 0.09957812499999999
1 0.7064296875 0.5224843750000001 0.026953125 0.033687499999999995
1 0.1269609375 0.49329687499999997 0.017796875 0.0716875
1 0.3963046875 0.5216328125 0.021546875 0.031984374999999995
28 0.7403828125 0.41763281250000006 0.24201562499999998 0.081671875
28 0.6476015625 0.49582812499999995 0.08935937499999999 0.06949999999999999
38 0.4866484375 0.1658515625 0.049578125 0.038921875
38 0.637921875 0.33771875 0.04509375 0.06218749999999999
38 0.5584140625 0.2465859375 0.025671875 0.016953125
38 0.2506953125 0.41168750000000004 0.035296875 0.012718750000000001
38 0.2300078125 0.2551484375 0.055890625000000006 0.035671875
38 0.0883984375 0.3566328125 0.015546874999999998 0.010234375
38 0.14539062500000002 0.37858593749999997 0.025500000000000002 0.022484375
38 0.5584687500000001 0.3680703125 0.014875 0.011265625
38 0.5553515625000001 0.3996015625 0.010796875000000001 0.008296874999999999
38 0.557078125 0.5696249999999999 0.101 0.028218749999999997
38 0.494015625 0.19712500000000002 0.013000000000000001 0.0195
1 0.16115625000000003 0.5041953125 0.01940625 0.038828125000000005
1 0.17712499999999998 0.5136015625 0.03559375 0.043109375
28 0.5187890625 0.5006953125 0.049390625 0.019203124999999998
28 0.6921875000000001 0.5058281250000001 0.053125 0.01740625
28 0.5603984375000001 0.5189921875 0.011484375 0.019390625
28 0.4731796875 0.508109375 0.042078125 0.039375
28 0.7768359375 0.47452343750000003 0.19207812500000002 0.081328125
38 0.575140625 0.482375 0.013468749999999998 0.01590625
62 0.8136328125000001 0.523015625 0.048640625 0.05165625
1 0.6546953125 0.5261875 0.013359375000000001 0.013968749999999999
1 0.6328046875000001 0.5287187499999999 0.017921875 0.01946875
1 0.61515625 0.5302265625 0.010906250000000001 0.011703125
1 0.6847109375 0.5256640625 0.017015625 0.026578125
38 0.0581484375 0.2584140625 0.027703125000000002 0.019140625
38 0.31953125 0.3328125 0.5171875 0.309375
1 0.346875 0.51328125 0.65625 0.0765625
