9 0.66184375 0.677171875 0.12140625000000001 0.031375
9 0.3458671875 0.6578203125 0.046390625000000005 0.023421875
9 0.43885937499999994 0.71846875 0.18109375 0.10978125000000001
9 0.2179765625 0.5258437499999999 0.08089062500000001 0.3505625
9 0.46807812500000007 0.643375 0.04890625 0.0361875
9 0.6269140625 0.6495625 0.099796875 0.01703125
9 0.1001484375 0.66975 0.07423437499999999 0.042749999999999996
9 0.555171875 0.6415078125 0.05428125 0.026359375
9 0.41367187499999997 0.6380625000000001 0.0308125 0.019125
9 0.1121875 0.532796875 0.06690625 0.23203125
9 0.7271328125000001 0.6491015625000001 0.045734375 0.032203125
9 0.6647265625000001 0.6375546875 0.055109375 0.031421875
9 0.684921875 0.6318203125 0.05340625 0.019828125
9 0.3828125 0.63046875 0.640625 0.0765625
