72 0.1873359375 0.47348437500000007 0.28135937499999997 0.28821875
72 0.44740625 0.42778125 0.24978125 0.203125
74 0.6112109375 0.6053203125000001 0.048734375 0.050921875000000005
76 0.40123437500000003 0.5998437499999999 0.29603125 0.07109375
84 0.6198359375 0.3363828125 0.013296875 0.125515625
1 0.43446093750000003 0.26100781250000005 0.134171875 0.10604687500000001
47 0.0415390625 0.5864375000000001 0.056765625 0.11746875000000001
84 0.6312109375 0.348796875 0.013921875 0.1004375
84 0.65215625 0.350328125 0.0138125 0.0939375
84 0.6981015625 0.34117968750000005 0.052734375 0.105453125
84 0.79178125 0.46760937499999994 0.0503125 0.1144375
84 0.825359375 0.4762578125 0.07040625 0.13860937499999998
84 0.9208671875000001 0.620109375 0.12157812500000001 0.03621875
84 0.6566484375 0.3397421875 0.018390625 0.120984375
84 0.6417109375 0.34271874999999996 0.012890625 0.11296874999999999
84 0.7380078125 0.3761953125 0.024703125 0.035734375
84 0.6648828125 0.509703125 0.10792187499999999 0.038625
84 0.6877734375 0.3517109375 0.014359374999999999 0.097734375
84 0.67334375 0.348921875 0.015062500000000001 0.095
