50 0.6804765625 0.43578125 0.597671875 0.171375
56 0.3080390625 0.4409296875 0.178546875 0.167546875
56 0.362015625 0.34383593749999997 0.1484375 0.07270312500000001
56 0.25679687500000004 0.2865390625 0.01653125 0.028078125
56 0.6257109375000001 0.35243749999999996 0.36145312500000004 0.15503125
56 0.2041484375 0.45366406249999996 0.264984375 0.136828125
56 0.10300000000000001 0.358234375 0.12421875 0.12571875
56 0.6229843749999999 0.4837265625 0.07834375 0.026109375
56 0.1803125 0.3032109375 0.11868749999999999 0.117484375
79 0.5852734375 0.2633515625 0.829453125 0.342765625
