1 0.4792578125 0.536484375 0.014578125 0.03990625
1 0.4638828125 0.5363828125000001 0.014484374999999999 0.038796874999999995
1 0.724171875 0.54415625 0.00603125 0.02065625
1 0.64478125 0.551234375 0.01125 0.02684375
1 0.6965 0.5458750000000001 0.015062500000000001 0.0213125
1 0.6603515625 0.5280703124999999 0.008609374999999999 0.010171875
38 0.5152656250000001 0.33699218750000004 0.89271875 0.446359375
38 0.13813281249999998 0.5227734375 0.14542187499999998 0.046515625
38 0.608984375 0.5231953125 0.06821875 0.017984375
38 0.9756406249999999 0.541640625 0.0315625 0.024531249999999998
1 0.3484921875 0.525078125 0.007796875 0.010312499999999999
1 0.323328125 0.5251484375000001 0.00603125 0.014109374999999999
1 0.30007812500000003 0.5228750000000001 0.008749999999999999 0.01028125
1 0.2914140625 0.531171875 0.009953125 0.02971875
1 0.45303906250000003 0.5258515625 0.009671875 0.012421875
1 0.6718046875 0.545484375 0.013109375000000001 0.012843750000000001
38 0.5756718749999999 0.20891406250000003 0.028687499999999998 0.013578125
1 0.400609375 0.52490625 0.0091875 0.012
1 0.36875 0.4609375 0.64375 0.184375
