32 0.87196875 0.380125 0.020749999999999998 0.11378124999999999
32 0.4071484375 0.46639062500000006 0.044703124999999996 0.0906875
32 0.20217968749999998 0.48408593750000006 0.073015625 0.229640625
32 0.7100625 0.30982812499999995 0.0084375 0.05828124999999999
32 0.542703125 0.3904453125 0.07415625 0.083140625
32 0.069328125 0.31521875 0.026625 0.0823125
1 0.5100625000000001 0.7937890625 0.23265625 0.398203125
1 0.5086015625 0.5162031250000001 0.134234375 0.18328125
1 0.642953125 0.7885078125 0.17740625000000002 0.42298437499999997
1 0.8964375000000001 0.4089921875 0.18837500000000001 0.440453125
1 0.73278125 0.2785390625 0.17671874999999998 0.252171875
1 0.5580234374999999 0.3526796875 0.161109375 0.278734375
1 0.37865625 0.48277343749999996 0.27640625 0.364046875
1 0.342703125 0.3044921875 0.27640625 0.285390625
1 0.5294375 0.2554765625 0.31071875000000004 0.169609375
1 0.1403046875 0.5968046875 0.280609375 0.8034218750000001
1 0.06400781250000001 0.2783515625 0.12601562500000002 0.326171875
1 0.298140625 0.82784375 0.24346874999999998 0.3443125
1 0.8890234374999999 0.829609375 0.197109375 0.33271875
1 0.553125 0.56015625 0.871875 0.8765625
