1 0.4071171875 0.520484375 0.027765625 0.05109375000000001
1 0.0615 0.519734375 0.02690625 0.04771875
1 0.6508359375 0.5023515625 0.008890625000000001 0.020515625000000003
1 0.62009375 0.5060234374999999 0.0072499999999999995 0.017234375
1 0.6398125 0.49990625 0.00825 0.0223125
1 0.259640625 0.4943515625 0.00621875 0.013890625
1 0.198953125 0.49993750000000003 0.0118125 0.02203125
1 0.1700234375 0.4897265625 0.007921875 0.015984375000000002
1 0.25017968749999997 0.49891406250000003 0.008359374999999999 0.008609374999999999
1 0.95571875 0.454765625 0.02203125 0.03415625
36 0.067875 0.542109375 0.01565625 0.00221875
1 0.3695546875 0.5003203125 0.008609374999999999 0.021640625
1 0.48448437499999997 0.5037265624999999 0.00715625 0.018328125
1 0.62871875 0.504703125 0.00803125 0.01378125
