62 0.5612890624999999 0.3533671875 0.055921874999999996 0.075265625
67 0.6100625 0.30027343749999996 0.0824375 0.025546875000000004
2 0.035578125 0.28664062500000004 0.07115625 0.078875
28 0.3973515625 0.1784765625 0.11204687499999999 0.036046875
28 0.5218515625 0.18446875000000001 0.142796875 0.04325
41 0.3916015625 0.7214609375 0.163921875 0.165578125
1 0.316859375 0.360671875 0.47190624999999997 0.66740625
1 0.20634375000000002 0.3041171875 0.05996875 0.184796875
1 0.2735703125 0.3034921875 0.066484375 0.177734375
1 0.30456249999999996 0.20811718750000002 0.02559375 0.041484375000000004
1 0.1338203125 0.23109375000000001 0.045234375 0.08725000000000001
1 0.1569921875 0.24501562500000001 0.063390625 0.09378125000000001
1 0.23356250000000003 0.2346171875 0.01959375 0.062296874999999995
1 0.5975234374999999 0.23724218749999998 0.053796875 0.06889062500000001
28 0.270921875 0.1940390625 0.048843750000000005 0.016171875
1 0.0370625 0.2506953125 0.06275 0.12185937499999999
1 0.1472734375 0.3239609375 0.036015625 0.14851562499999998
1 0.301203125 0.2334140625 0.03646875 0.057734375000000004
28 0.5973515625 0.0791484375 0.133421875 0.123703125
62 0.5733671875 0.31965625000000003 0.040234375 0.04940625
67 0.6226875000000001 0.3541015625 0.08275 0.08792187500000001
1 0.5507500000000001 0.260328125 0.05178125 0.10484374999999999
1 0.35859375 0.23984375 0.5953125 0.1140625
