32 0.8184140624999999 0.180078125 0.153734375 0.34628125
32 0.5719765625 0.1604296875 0.109453125 0.308859375
32 0.0483046875 0.0431171875 0.027578125 0.008609374999999999
77 0.4078828125 0.1136875 0.068578125 0.05696875
1 0.6222109375 0.167921875 0.506765625 0.33584375
73 0.229390625 0.19415624999999997 0.45278124999999997 0.24737499999999998
73 0.0787109375 0.15396875000000002 0.154421875 0.20990625000000002
1 0.173171875 0.13353125000000002 0.34334375 0.26687500000000003
1 0.6977500000000001 0.5483046874999999 0.6045 0.23776562499999998
73 0.3293984375 0.2508828125 0.37370312499999997 0.338921875
73 0.34918750000000004 0.4418984375 0.51121875 0.43323437499999995
1 0.7456328125 0.24489062499999997 0.508578125 0.48978124999999995
