3 0.6684140625 0.35565625 0.096328125 0.07653125
3 0.59321875 0.4965703125 0.21325 0.178734375
3 0.5372187500000001 0.5383125 0.273875 0.079
6 0.40110937500000005 0.25901562499999997 0.10487500000000001 0.15075
6 0.51878125 0.37065625 0.21331250000000002 0.2356875
10 0.7395 0.2449453125 0.016625 0.06754687499999999
10 0.6804765625000001 0.2391875 0.024515625 0.06378125
10 0.5367031250000001 0.2340390625 0.01853125 0.060921875
10 0.33607031249999997 0.20960937500000001 0.017640625 0.0213125
1 0.33865625 0.4402421875 0.047093750000000004 0.167546875
1 0.22307031249999998 0.423609375 0.033421875000000004 0.11481250000000001
1 0.2042578125 0.4871953125 0.040109375 0.167921875
1 0.013140625 0.40750000000000003 0.02578125 0.0775
1 0.1171875 0.4990390625 0.09215625 0.171171875
1 0.146484375 0.32284375 0.01246875 0.03484375
1 0.11838281249999999 0.345578125 0.036984375 0.04684375
1 0.0372265625 0.5201484375000001 0.074453125 0.131578125
1 0.1665390625 0.27842187500000004 0.013703125 0.02553125
1 0.041703125 0.393796875 0.04340625 0.07112500000000001
3 0.6953593750000001 0.3892109375 0.042375 0.085734375
6 0.5624375 0.268125 0.22253124999999999 0.08575
77 0.2109296875 0.41796875 0.005640625 0.0072499999999999995
77 0.0049609375 0.3943828125 0.006671874999999999 0.015515625
1 0.0643515625 0.37910937499999997 0.035171875000000005 0.076
1 0.18282031250000003 0.307515625 0.014140625 0.03134375
10 0.497390625 0.232875 0.0143125 0.04290625
10 0.5095390625 0.2316953125 0.009640625 0.045796875
10 0.7079453125 0.239 0.011640625 0.0395
1 0.19141406249999998 0.306734375 0.005484375 0.025718750000000002
8 0.7389375 0.40696093749999995 0.07965625 0.182234375
10 0.5476015625 0.21996875 0.0063593750000000004 0.0190625
1 0.40703124999999996 0.38203125 0.7078125 0.3234375
