32 0.2929140625 0.3552265625 0.026328125 0.123046875
1 0.4811484375 0.507734375 0.331265625 0.6645
1 0.2387421875 0.47860156249999997 0.423421875 0.801796875
46 0.35053124999999996 0.865421875 0.09871875 0.14340625
49 0.51390625 0.7035546875 0.14328125 0.051828125
61 0.7376640624999999 0.5784765625 0.381171875 0.596421875
67 0.484234375 0.90315625 0.6171249999999999 0.16440625
1 0.8531484375 0.5778437500000001 0.078546875 0.2131875
47 0.128296875 0.918 0.10578125000000001 0.0925625
1 0.921546875 0.6191796875 0.0764375 0.262671875
46 0.8573515625 0.74221875 0.029203125000000003 0.01825
85 0.7618671875 0.053804687500000004 0.06576562500000001 0.064171875
