44 0.69678125 0.67096875 0.094625 0.3741875
62 0.08524218750000001 0.55134375 0.15592187500000002 0.17024999999999998
67 0.373375 0.818359375 0.74675 0.36328125
1 0.4349765625 0.35676562500000003 0.45292187500000003 0.63228125
1 0.31278125 0.4912890625 0.3026875 0.255609375
59 0.4405 0.8952890625 0.61275 0.181171875
59 0.1863203125 0.75471875 0.367921875 0.20046875000000003
62 0.0336640625 0.4557265625 0.067328125 0.075890625
62 0.4628671875 0.498859375 0.411328125 0.32896875
67 0.046578125 0.4262109375 0.09284375 0.089671875
