3 0.31685156249999996 0.7105546875 0.629203125 0.43820312499999997
3 0.6383515625 0.520328125 0.055578125 0.039375
10 0.4004921875 0.2557109375 0.058328124999999995 0.140921875
10 0.50834375 0.3237890625 0.01515625 0.111453125
1 0.10332812499999999 0.5924609375 0.0715625 0.105453125
1 0.203046875 0.5134453124999999 0.03121875 0.027609375000000002
1 0.47024218749999996 0.53090625 0.018015625 0.0403125
1 0.686984375 0.719296875 0.12603124999999998 0.56140625
3 0.45890625 0.5751640625 0.04528125 0.078390625
3 0.648375 0.4995312499999999 0.0301875 0.0273125
