32 0.28232812500000004 0.37303906249999996 0.041999999999999996 0.289328125
77 0.379875 0.4131953125 0.0386875 0.07420312500000001
1 0.2546640625 0.44117187500000005 0.391140625 0.42056250000000006
1 0.130765625 0.382890625 0.26153125 0.60290625
1 0.2079609375 0.38335937500000006 0.415921875 0.62703125
46 0.5390468749999999 0.5538984375 0.04425 0.07129687500000001
61 0.6163671875000001 0.34488281249999997 0.134921875 0.062953125
61 0.7360234375 0.538703125 0.187921875 0.16599999999999998
61 0.470953125 0.517546875 0.02878125 0.018687500000000003
61 0.849921875 0.4886796875 0.18131250000000002 0.075671875
67 0.657390625 0.5617734375 0.68521875 0.254734375
