9 0.518890625 0.34265625 0.456375 0.28315625
1 0.6447499999999999 0.353078125 0.00659375 0.0194375
1 0.4133515625 0.34310156249999996 0.028765625 0.017015625
1 0.5770859375 0.3537734375 0.008421874999999999 0.014328125
1 0.630109375 0.3560078125 0.00965625 0.011859375
1 0.6879296875 0.3592265625 0.010984375000000001 0.015046875000000001
1 0.6978906250000001 0.37219531250000004 0.01246875 0.035328125
1 0.7134218750000001 0.36484375 0.01415625 0.01515625
1 0.6098046874999999 0.35645312500000004 0.010734375 0.00865625
1 0.5923984375 0.35396875000000005 0.010171875 0.0099375
1 0.6660234374999999 0.35957812499999997 0.013328125 0.008968750000000001
1 0.5362265625 0.3577421875 0.008890625000000001 0.010953125
