17 0.285484375 0.53709375 0.56775 0.3258125
17 0.6766171875 0.4564453125 0.48870312499999996 0.477421875
17 0.32836718750000005 0.410921875 0.47485937500000003 0.14721875
17 0.7662578125 0.5382734375 0.467484375 0.294515625
17 0.6042109375 0.4175234375 0.24298437499999997 0.191140625
37 0.30309374999999994 0.28297656250000003 0.07128124999999999 0.068578125
77 0.451890625 0.297640625 0.043 0.047593750000000004
51 0.8776250000000001 0.35165625 0.21081249999999999 0.17421875
76 0.573875 0.6926953125 0.5983125 0.097765625
37 0.23157812500000002 0.2754375 0.070875 0.06621875
44 0.9296484375 0.31689062500000004 0.041046875 0.0755
72 0.8596953125000001 0.145890625 0.280609375 0.29178125
44 0.8462500000000001 0.35934375 0.039531250000000004 0.034937499999999996
44 0.874046875 0.3908671875 0.09509375 0.037484375
44 0.8464453125 0.300515625 0.043171875 0.0354375
44 0.8632578125 0.3268203125 0.06085937500000001 0.032640625
72 0.371328125 0.12256249999999999 0.64896875 0.24512499999999998
44 0.8996875 0.3177421875 0.0705 0.061265625000000004
44 0.814109375 0.3469921875 0.039625 0.040546874999999996
74 0.987703125 0.6307812500000001 0.02459375 0.0979375
