3 0.3472578125 0.3072578125 0.055921874999999996 0.031671875
3 0.4108671875 0.3001171875 0.023609375 0.019296874999999998
3 0.395078125 0.2938671875 0.0324375 0.011609375
1 0.6545625 0.403625 0.23162500000000003 0.2089375
1 0.44275781249999996 0.370703125 0.083765625 0.19146875000000002
1 0.2559453125 0.450890625 0.23132812500000002 0.41190625000000003
34 0.2160078125 0.631640625 0.068609375 0.06796875
34 0.8735390625 0.37394531249999996 0.035890624999999995 0.038890625
34 0.451984375 0.3832734375 0.0240625 0.022640625
34 0.1133046875 0.45407812500000005 0.023734375 0.009031250000000001
34 0.2970703125 0.3474921875 0.024453125 0.014265625
34 0.6650234375 0.526609375 0.032328125 0.010437499999999999
34 0.8644921875000001 0.5733828125 0.038140625 0.010703124999999999
1 0.9027109375 0.46294531250000004 0.106203125 0.351515625
3 0.44792187499999997 0.294296875 0.012 0.016718749999999998
