72 0.06296874999999999 0.099703125 0.12593749999999998 0.1214375
72 0.24985156249999999 0.2594609375 0.148265625 0.134546875
62 0.072046875 0.5227265625 0.14409375 0.273796875
67 0.46075 0.616171875 0.789625 0.08634375
67 0.1638203125 0.3378203125 0.181421875 0.076015625
1 0.48577343749999996 0.35833593750000003 0.37482812499999996 0.500765625
1 0.913234375 0.5469765625 0.17353125 0.22389062499999998
47 0.359375 0.59121875 0.11775 0.15165625
48 0.4428984375 0.619359375 0.043265625 0.03846875
48 0.45946875 0.6065390625 0.03459375 0.031109375
62 0.1279375 0.375203125 0.09984375 0.0371875
62 0.15178125 0.3663046875 0.08106250000000001 0.053578125
62 0.3479609375 0.33041406250000005 0.055671875 0.028046875
62 0.1737578125 0.3334609375 0.063296875 0.021109375
47 0.233921875 0.6303671875 0.16796875 0.073640625
67 0.13153125 0.4506640625 0.2623125 0.11395312500000002
67 0.3232578125 0.36044531249999995 0.054828125000000005 0.041265625
47 0.7646406250000001 0.6116015625 0.13946875 0.108109375
47 0.2371875 0.5371953125000001 0.13 0.151234375
47 0.1893046875 0.39283593750000007 0.013734374999999998 0.039328125000000005
