32 0.1881328125 0.1893671875 0.041328125 0.09601562500000001
32 0.8228671875000001 0.1906171875 0.038078125000000004 0.14545312500000002
27 0.2659296875 0.153296875 0.08920312500000001 0.1274375
27 0.8271953125 0.14415624999999999 0.082921875 0.10109375000000001
27 0.1081015625 0.214453125 0.031859375 0.08696875
1 0.6128515625 0.33359375 0.32801562500000003 0.6671875
1 0.31221875 0.24930468749999998 0.16371875 0.446109375
1 0.1879765625 0.24192187499999998 0.11179687499999999 0.32999999999999996
1 0.1420078125 0.24646093749999998 0.06448437500000001 0.27717187499999996
1 0.8226484375 0.25015624999999997 0.126765625 0.428125
1 0.33246093749999994 0.20665624999999999 0.12464062499999999 0.34065625
1 0.8745703125000001 0.07593749999999999 0.032078125 0.0809375
1 0.0570859375 0.2416640625 0.050484375000000005 0.167234375
1 0.10011718750000001 0.2482578125 0.037453125 0.171765625
1 0.0320234375 0.248671875 0.064046875 0.27628125
1 0.24853906250000002 0.277671875 0.042484375000000005 0.11503125
15 0.42726562500000004 0.3201796875 0.050875000000000004 0.039140625
15 0.4487734375 0.31040625 0.061578125 0.0745
32 0.009609375 0.23359375 0.01921875 0.0865625
41 0.28435937499999997 0.47955468749999997 0.16528125 0.054796875
41 0.34742968750000003 0.38081250000000005 0.062359374999999995 0.02065625
41 0.8361249999999999 0.47429687499999995 0.163625 0.04521875
41 0.8346250000000001 0.44307812500000004 0.14459375000000002 0.039375
41 0.191953125 0.4112578125 0.11128125 0.028859375
41 0.1350078125 0.384234375 0.079578125 0.021249999999999998
41 0.33510156249999995 0.4468515625 0.072515625 0.029859375
41 0.1758984375 0.40146875 0.06889062500000001 0.0134375
41 0.7236562500000001 0.5016953125 0.13725 0.330984375
41 0.096546875 0.33590625 0.03484375 0.01234375
1 0.45710937500000004 0.272765625 0.017 0.05803125
32 0.14402343750000002 0.196921875 0.028578125 0.0673125
1 0.0723671875 0.27194531250000004 0.024984375 0.07357812500000001
41 0.13515625 0.32578124999999997 0.2078125 0.0609375
1 0.5390625 0.2625 0.91875 0.11875
