39 0.5032734375 0.14045312499999998 0.031796875 0.2435625
40 0.763796875 0.707390625 0.10987499999999999 0.07325000000000001
1 0.8489453124999999 0.6714765625 0.302109375 0.585609375
1 0.625609375 0.4168359375 0.10934375 0.10623437499999999
1 0.37689062500000003 0.569375 0.3941875 0.746875
1 0.6085 0.3279296875 0.09618750000000001 0.168671875
1 0.1966171875 0.24531250000000002 0.068015625 0.09825
1 0.1512109375 0.2163515625 0.066484375 0.123734375
1 0.1948828125 0.4133828125 0.109984375 0.090671875
1 0.045625 0.3474453125 0.09109375 0.195578125
1 0.7861640625 0.34407812499999996 0.127640625 0.15278125
1 0.7271875 0.42107031250000004 0.10103124999999999 0.091390625
1 0.4381015625 0.16884375000000001 0.105671875 0.1365
47 0.096421875 0.4348828125 0.02346875 0.026515624999999998
77 0.674921875 0.4551640625 0.018375 0.008859375
1 0.8229765625000001 0.40537500000000004 0.084078125 0.1315
1 0.10179687500000001 0.29955468749999997 0.08721875 0.183828125
1 0.4953125 0.23828125 0.990625 0.4765625
