54 0.4955078125 0.437359375 0.9842656249999999 0.56796875
57 0.738734375 0.3066640625 0.09046875 0.043109375
49 0.6633984375 0.1691640625 0.024984375 0.046578125
49 0.8901015624999999 0.0958046875 0.035234375 0.187921875
49 0.8030546875 0.11771875000000001 0.038671875 0.22112500000000002
57 0.5531953124999999 0.23432031249999996 0.087171875 0.033734375
47 0.933984375 0.389453125 0.13203125 0.22890625
57 0.6147421875 0.23775000000000002 0.041765625 0.04925
78 0.3477265625 0.2464296875 0.695453125 0.492859375
57 0.5198515625 0.26184375 0.034921875000000005 0.0268125
57 0.5673671874999999 0.265015625 0.057140625 0.0283125
57 0.4906796875 0.23925 0.055609375 0.05621875
57 0.392796875 0.23930468750000003 0.092875 0.051703125
57 0.6024921875000001 0.2667265625 0.039828125 0.032359375
50 0.9195781249999999 0.237234375 0.0824375 0.07871875
