28 0.58425 0.477375 0.084375 0.05434375
28 0.7923984375 0.45934375 0.052703124999999997 0.018625
28 0.5204453124999999 0.4576640625 0.041984375000000004 0.018296875
28 0.672828125 0.46244531250000004 0.05946875 0.028296875
1 0.483 0.5389765624999999 0.058562499999999997 0.148984375
1 0.8274453125000001 0.507671875 0.031609375 0.09025
1 0.89096875 0.50978125 0.041281250000000005 0.0905
1 0.9338906249999999 0.505046875 0.013750000000000002 0.057999999999999996
1 0.6281875 0.5219374999999999 0.02553125 0.106375
1 0.757421875 0.5138203125 0.04071875 0.090515625
1 0.91003125 0.4953984375 0.0226875 0.075109375
1 0.4163984375 0.5348671875 0.05645312500000001 0.145328125
28 0.88075 0.46193749999999995 0.05715625 0.02521875
28 0.46630468750000004 0.4662578125 0.081703125 0.055484374999999996
28 0.945109375 0.4620078125 0.050062499999999996 0.028484375
28 0.622703125 0.46608593750000005 0.03903125 0.014046875
28 0.8214218750000001 0.464359375 0.03940625 0.02103125
1 0.9497187500000002 0.5046796874999999 0.025406250000000002 0.089984375
1 0.68646875 0.5141171874999999 0.04025 0.10689062499999999
1 0.5129609374999999 0.5317421875 0.037546875 0.12801562500000002
1 0.6000781249999999 0.534859375 0.04090625 0.13621875
1 0.800125 0.5136015625 0.035312500000000004 0.089734375
1 0.6625 0.52578125 0.4375 0.1140625
