3 0.769375 0.38154687499999995 0.030656250000000003 0.035125
4 0.4008359375 0.531828125 0.11204687499999999 0.17753125
4 0.1516875 0.435453125 0.08687500000000001 0.12746875
4 0.724046875 0.4154453125 0.03021875 0.048203125
4 0.7454921875 0.41539062499999996 0.016171875 0.0375
4 0.935078125 0.4083828125 0.02278125 0.030046875
4 0.9156875 0.38978125 0.02278125 0.01834375
6 0.4415703125 0.35617968750000006 0.279765625 0.21404687500000003
1 0.1502890625 0.406984375 0.077953125 0.14246875
1 0.3977421875 0.45066406249999996 0.11485937500000001 0.203046875
1 0.621890625 0.18930468749999999 0.045187500000000005 0.041140625
1 0.8214765625 0.468015625 0.093359375 0.25328125
1 0.472515625 0.4433671875 0.07678125 0.181796875
1 0.7902187500000001 0.467359375 0.06209375 0.19171875
22 0.6175078125 0.3854453125 0.12898437499999998 0.233015625
1 0.362765625 0.32466406249999996 0.03996875 0.034078125
1 0.745625 0.3950625 0.01640625 0.054656249999999997
10 0.9568203125 0.34482812500000004 0.008390625 0.03075
1 0.4198593749999999 0.33350781250000006 0.0363125 0.046046875
1 0.792078125 0.3815 0.0206875 0.028000000000000004
1 0.7278515625 0.39389843750000003 0.039109375 0.058921875
8 0.8353906249999999 0.37016406250000006 0.07565625000000001 0.091546875
8 0.6997734375 0.3882578125 0.047734375 0.055359375
1 0.18655468749999998 0.40447656249999997 0.033390625 0.123859375
