1 0.3913359375 0.2364296875 0.053703125 0.092671875
33 0.351828125 0.35621875000000003 0.12315625 0.11871875000000001
33 0.667125 0.35297656250000004 0.10703125 0.10392187500000001
33 0.258046875 0.3810078125 0.13759375000000001 0.076734375
33 0.419203125 0.2563984375 0.033937499999999995 0.039359375
1 0.2052734375 0.18126562499999999 0.164859375 0.21253125
1 0.31105468750000004 0.1624296875 0.008671874999999999 0.011546875
33 0.072359375 0.2718984375 0.06325 0.037171875
33 0.435828125 0.36291406249999997 0.05375 0.08089062500000001
33 0.7339375 0.3662890625 0.032218750000000004 0.08345312499999999
33 0.030101562500000005 0.27602343749999997 0.05795312500000001 0.028484375
33 0.1512734375 0.2723828125 0.090765625 0.032578125
33 0.3360703125 0.201625 0.043234375000000005 0.0156875
