16 0.5273046875 0.3907890625 0.075171875 0.077015625
9 0.1912890625 0.2277421875 0.092296875 0.045578125000000004
9 0.499421875 0.182328125 0.06665625 0.033468750000000005
1 0.2311796875 0.21572656250000002 0.020203125 0.022515625
1 0.16943750000000002 0.20390625 0.01759375 0.0419375
1 0.7975546875 0.194265625 0.013546875 0.01453125
1 0.8541953125 0.196015625 0.007796875 0.0135625
9 0.339296875 0.13928125 0.02653125 0.0141875
9 0.07453125 0.1357890625 0.03309375 0.014671875000000001
16 0.061078125 0.22575000000000003 0.012 0.007593750000000001
1 0.5067890625 0.18084375 0.009078125 0.012656249999999999
1 0.255875 0.206328125 0.014093749999999999 0.02584375
1 0.48265625 0.182140625 0.005187499999999999 0.00859375
1 0.8257109375 0.1988125 0.006796874999999999 0.00596875
9 0.8628984375 0.196859375 0.15632812499999998 0.0646875
9 0.2497421875 0.22403125000000002 0.091046875 0.06
1 0.23503125 0.20671093750000002 0.00925 0.032484374999999996
1 0.2334453125 0.19628125 0.032140625 0.00403125
1 0.206390625 0.206765625 0.010843750000000001 0.02390625
1 0.35468750000000004 0.18046875 0.3375 0.0921875
