44 0.0770234375 0.4316640625 0.118046875 0.221203125
44 0.0691328125 0.3497734375 0.137359375 0.16495312499999998
44 0.044242187499999995 0.18417187499999998 0.063359375 0.1809375
44 0.20203906249999998 0.33714062499999997 0.09664062500000001 0.2053125
44 0.1502578125 0.2253046875 0.045296875 0.178390625
86 0.3430078125 0.3871171875 0.101390625 0.20014062500000002
86 0.45128125 0.374359375 0.09328125000000001 0.20231249999999998
86 0.458890625 0.24181249999999999 0.095125 0.07618749999999999
86 0.5902421875 0.3903515625 0.161546875 0.153390625
86 0.152984375 0.23053125 0.048375 0.180875
86 0.1328671875 0.18946875 0.044859375 0.20431249999999998
86 0.3069375 0.2330078125 0.06871875 0.108296875
86 0.33699218750000004 0.1956484375 0.063671875 0.091140625
86 0.6555234375 0.30244531250000006 0.139265625 0.133546875
86 0.7272109375 0.36208593749999995 0.108078125 0.14942187499999998
86 0.28446875 0.2999453125 0.0715 0.176828125
44 0.1150859375 0.16186718749999998 0.042171875 0.20182812499999997
44 0.221625 0.412125 0.11840625 0.211
44 0.6216640625000001 0.16850781250000002 0.031828125 0.112078125
44 0.6805234375 0.195140625 0.037578125000000004 0.10825
44 0.6628203125000001 0.181609375 0.040515625 0.1181875
44 0.75759375 0.2243046875 0.03509375 0.132765625
51 0.52446875 0.3203828125 0.122 0.134015625
51 0.4595859375 0.2415703125 0.097109375 0.07714062499999999
51 0.5751640625000001 0.24978125 0.12454687499999999 0.116625
51 0.405 0.17096093750000002 0.1105 0.072921875
86 0.5798125 0.24774999999999997 0.12328125000000001 0.10803125
44 0.058171875 0.25715625 0.08696875 0.15171874999999999
44 0.1661484375 0.264484375 0.057234375000000004 0.1978125
86 0.071875 0.30703125 0.14375 0.4796875
44 0.37890625 0.18046875 0.7453125 0.2234375
