32 0.4549609375 0.373296875 0.023328124999999998 0.25509375
54 0.2856328125 0.5550937499999999 0.024296875000000002 0.0203125
54 0.2160859375 0.570515625 0.038453125 0.03690625
54 0.257484375 0.5507890624999999 0.03875 0.023390625
51 0.0392421875 0.5276796874999999 0.061546875 0.036515625
61 0.35747656250000004 0.6362656250000001 0.20232812500000003 0.09934375
51 0.2054375 0.617125 0.0615 0.050093750000000006
67 0.2513984375 0.5985625000000001 0.487390625 0.17240625
50 0.197734375 0.5881562499999999 0.038906249999999996 0.0406875
54 0.18903125 0.56340625 0.03353125 0.0338125
54 0.25510156250000005 0.5691484375000001 0.044421875 0.021921875
54 0.287109375 0.571125 0.04553125 0.0301875
54 0.22059374999999998 0.5509296875 0.0383125 0.031078125
49 0.40228125 0.57428125 0.0984375 0.08471875
1 0.4418515625 0.361671875 0.21023437500000003 0.54875
1 0.5610625 0.42263281249999995 0.19921875 0.5266093749999999
