46 0.3453203125 0.8970546875 0.035328125 0.083640625
1 0.49292187500000006 0.9049453125000001 0.27668750000000003 0.190109375
1 0.5570390625 0.8716875 0.21404687500000003 0.256625
1 0.48953125 0.7386015625 0.347375 0.20992187499999998
1 0.5179921875 0.6830703124999999 0.10592187500000001 0.084484375
1 0.5061796875 0.6062343750000001 0.276171875 0.3941875
1 0.53315625 0.4918515625 0.1371875 0.25370312500000003
1 0.5514296875 0.44962499999999994 0.17645312500000002 0.40393749999999995
1 0.1493671875 0.5561875000000001 0.248109375 0.56709375
1 0.48426562500000003 0.113484375 0.1505625 0.22246875
44 0.20567968749999999 0.9799609375 0.153109375 0.040078125
44 0.31385937500000005 0.5431875 0.11965624999999999 0.06637499999999999
44 0.21523437499999998 0.651171875 0.0290625 0.11965624999999999
44 0.3552578125 0.38359375 0.11126562499999999 0.0478125
44 0.278265625 0.647296875 0.10565625000000001 0.09346875
44 0.155703125 0.795125 0.039875 0.14596875
44 0.0974765625 0.948125 0.045890625000000004 0.10375000000000001
44 0.2609375 0.447578125 0.053000000000000005 0.09378125000000001
44 0.276875 0.374296875 0.015625 0.039875
44 0.1274765625 0.852125 0.042578125 0.15878125
44 0.089984375 0.913953125 0.0366875 0.16353125
44 0.239265625 0.8273046875 0.12703124999999998 0.101359375
46 0.34378125 0.47450000000000003 0.03803125 0.064875
1 0.534515625 0.2741640625 0.17215625 0.203453125
1 0.6180546875 0.14175 0.092015625 0.17575000000000002
1 0.38988281249999995 0.26292187499999997 0.110109375 0.26515625
62 0.6453359375 0.2535703125 0.037453125 0.115234375
62 0.5628515624999999 0.209734375 0.038109375 0.09034375
1 0.45362499999999994 0.30528124999999995 0.0530625 0.21015625
44 0.3214453125 0.4144609375 0.092828125 0.061578125
62 0.2544609375 0.221796875 0.133265625 0.2740625
44 0.30625 0.41874999999999996 0.140625 0.090625
