10 0.4021171875 0.38985156249999997 0.098046875 0.226671875
10 0.2691875 0.542734375 0.0165625 0.075375
10 0.143625 0.5951093749999999 0.021625 0.022625
31 0.655453125 0.7695703125000001 0.01490625 0.030640624999999998
31 0.6934609375 0.7170937500000001 0.052890625000000004 0.06940625
31 0.5779921875 0.7520546875 0.015984375000000002 0.035015625
1 0.692890625 0.77959375 0.09034375 0.29125
1 0.6192265625 0.756421875 0.061484375 0.1951875
1 0.1542734375 0.82640625 0.150640625 0.3471875
1 0.2669375 0.7615078125 0.03071875 0.146109375
3 0.7320703125 0.7602421874999999 0.035703125 0.12457812500000001
10 0.2665859375 0.353796875 0.010921875000000001 0.0403125
31 0.0341171875 0.7913281249999999 0.021046875 0.04978125
1 0.2128203125 0.746625 0.037359375 0.09759375
1 0.24540625 0.7401640625 0.0315 0.095453125
1 0.0648671875 0.7845546875000001 0.059671875 0.154546875
1 0.033578125 0.7517031249999999 0.024781249999999998 0.06625
1 0.591 0.7597031249999999 0.03525 0.1701875
1 0.010781250000000001 0.7537499999999999 0.021562500000000002 0.08321875
31 0.6328671874999999 0.7344921875 0.030578125 0.058171875
3 0.6399140625 0.7710781250000001 0.025984374999999997 0.02996875
3 0.090953125 0.7470703125 0.018187500000000002 0.036359375
