32 0.624359375 0.451484375 0.22490625 0.2886875
1 0.5801640625 0.39118749999999997 0.549859375 0.6889375
1 0.6691328125 0.4465625 0.661734375 0.600625
49 0.253765625 0.538953125 0.18021875 0.07621875
61 0.15165625 0.6013984375000001 0.20721875 0.15523437499999998
61 0.1567265625 0.371609375 0.048953125 0.04821875
61 0.035390624999999995 0.3890390625 0.07078124999999999 0.074578125
61 0.1694765625 0.4305078125 0.019765625000000002 0.041453125
61 0.0965078125 0.4942734375 0.048671874999999996 0.048671874999999996
61 0.08559375000000001 0.409484375 0.038406249999999996 0.0315625
61 0.1363046875 0.433234375 0.043640625 0.042625
61 0.1211171875 0.35085937500000003 0.040046874999999996 0.054156249999999996
61 0.21421874999999999 0.5165546875 0.1333125 0.064640625
1 0.551484375 0.3035234375 0.1739375 0.177328125
