1 0.507765625 0.49578906249999993 0.046406249999999996 0.066515625
1 0.4138515625 0.5073671875000001 0.067015625 0.086078125
1 0.4583984375 0.5117968749999999 0.042296875 0.077625
1 0.8347109374999999 0.44425000000000003 0.023328124999999998 0.0655
1 0.5374765625000001 0.48157031249999993 0.039859375 0.058359375000000005
11 0.7751953125 0.479796875 0.015703125000000002 0.031656250000000004
27 0.8346249999999998 0.43571875000000004 0.0128125 0.015437500000000002
3 0.1671875 0.42236718749999996 0.10596874999999999 0.058359375000000005
3 0.344234375 0.42562500000000003 0.07609375 0.037843749999999995
3 0.4002734375 0.42171875 0.064171875 0.042249999999999996
3 0.472421875 0.422046875 0.0650625 0.04040625
3 0.04825 0.426640625 0.0965 0.054781250000000004
3 0.5741796875 0.42528125 0.055671875 0.028999999999999998
3 0.731328125 0.4258125 0.27190625 0.02740625
3 0.52415625 0.4215390625 0.050062499999999996 0.039328125000000005
3 0.804828125 0.42223437499999994 0.032718750000000005 0.02134375
3 0.8742109375 0.4257421875 0.020640625000000003 0.013328125
3 0.9052343750000001 0.42265625 0.041875 0.0231875
