90 0.280796875 0.5222578124999999 0.15140625000000002 0.37910937499999997
1 0.3303359375 0.4955078125 0.566296875 0.986515625
84 0.1221875 0.40755468749999996 0.020749999999999998 0.143109375
84 0.139296875 0.4010703125 0.020125 0.127546875
84 0.18896875000000002 0.36240625 0.0224375 0.053468749999999995
84 0.1605703125 0.3780703125 0.034890624999999995 0.100296875
84 0.1185 0.251421875 0.01675 0.11628125
84 0.1672109375 0.24050781249999997 0.017859375 0.118296875
84 0.1311640625 0.235234375 0.030171874999999997 0.14253125
84 0.15296875000000001 0.237390625 0.01521875 0.12840625
