9 0.332046875 0.8303046875 0.6631875 0.108578125
1 0.383015625 0.7520781249999999 0.0134375 0.02584375
1 0.24750781249999998 0.75021875 0.017921875 0.0469375
1 0.22553125000000002 0.7677812500000001 0.03290625 0.03525
1 0.5083359375 0.7637421875000001 0.028296875 0.032015625
1 0.2565234375 0.769 0.020796875 0.032125
1 0.199140625 0.7668046875 0.02321875 0.036484375
1 0.357203125 0.7349453125000001 0.01809375 0.018609375
1 0.20828906249999998 0.7496562499999999 0.019109375 0.03965625
1 0.22530468750000002 0.73534375 0.023109374999999998 0.016
1 0.444421875 0.7313046875 0.0258125 0.063234375
1 0.012609374999999999 0.769734375 0.022 0.0408125
1 0.0367109375 0.7759453125 0.028453125000000003 0.028296875
1 0.0694140625 0.7706328125 0.026671875 0.038984375
1 0.26875 0.759375 0.3875 0.078125
