44 0.6388906249999999 0.43291406250000003 0.02146875 0.061734374999999994
44 0.20180468750000002 0.4696015625 0.013328125 0.020796875
82 0.5917265625 0.49238281250000004 0.15435937500000002 0.447421875
85 0.19455468750000002 0.3261953125 0.047703125 0.048609374999999996
62 0.3440625 0.6430390625 0.11884375 0.233203125
1 0.3820625 0.4866171875 0.17078125 0.399578125
46 0.4968828125 0.454734375 0.025203125 0.05440625
44 0.2125546875 0.4790625 0.089046875 0.042749999999999996
67 0.5389609375 0.6142890625 0.241546875 0.283109375
62 0.060140624999999996 0.6173828125 0.07853125 0.17676562499999998
