1 0.1878671875 0.0582421875 0.021109375 0.074265625
1 0.2032890625 0.0574296875 0.024171875000000002 0.084984375
1 0.9019375000000001 0.0709765625 0.02340625 0.073484375
1 0.624 0.05069531249999999 0.0249375 0.048421874999999996
1 0.77971875 0.0659375 0.025656250000000002 0.07890625
1 0.2212421875 0.0727265625 0.023796875000000002 0.050296875
22 0.34725 0.4747734375 0.38171875 0.49439062500000003
22 0.6733203124999999 0.21292187499999998 0.31179687500000003 0.21740624999999997
1 0.5825234374999999 0.064953125 0.018765625 0.05371875
1 0.5390546875 0.07496875 0.017953125 0.02715625
1 0.556765625 0.09025781249999999 0.013500000000000002 0.025609375
1 0.8895546875 0.0717578125 0.011703125 0.044734375
1 0.36358593749999996 0.06442187499999999 0.022640625 0.03703125
1 0.016648437500000002 0.0725390625 0.022640625 0.042890625
1 0.6526953125 0.062406249999999996 0.037109375 0.0814375
