19 0.32106250000000003 0.65225 0.22753125000000002 0.17865625000000002
19 0.5949374999999999 0.5991562500000001 0.07415625 0.2073125
19 0.7305625 0.5543984375 0.2170625 0.170078125
19 0.4243984375 0.561640625 0.108296875 0.1053125
1 0.4291796875 0.638671875 0.058046875 0.213125
1 0.49034374999999997 0.56375 0.03375 0.11003125
1 0.4569140625 0.5000078125 0.025703125 0.029765625
1 0.8313984375 0.5487031250000001 0.064859375 0.1456875
1 0.8005390625 0.5410390625 0.069546875 0.142953125
1 0.3324765625 0.5005 0.015609375 0.03415625
19 0.3158125 0.5017734375 0.013625000000000002 0.026859375
