19 0.57721875 0.27696875 0.28253125 0.19415625
19 0.3439375 0.24281250000000001 0.20249999999999999 0.19890625
21 0.23896875000000004 0.30846875 0.21228125000000003 0.11684375
1 0.35401562499999994 0.1893046875 0.0631875 0.163515625
1 0.28475781250000004 0.03696875 0.040421875 0.0739375
1 0.5578749999999999 0.21625781249999998 0.06625 0.181390625
1 0.44066406249999995 0.0466484375 0.058796875000000005 0.09323437500000001
1 0.14084375 0.0354921875 0.058687500000000004 0.066359375
1 0.042874999999999996 0.033523437499999996 0.06596874999999999 0.06704687499999999
1 0.529 0.0416953125 0.06253125000000001 0.075265625
1 0.8559374999999999 0.0856640625 0.051968749999999994 0.048796875
1 0.6194999999999999 0.048179687500000005 0.09284375 0.081421875
19 0.6908046875 0.10988281250000001 0.157796875 0.11139062500000001
19 0.960390625 0.027203125 0.07525 0.048625
19 0.49746874999999996 0.1006484375 0.1794375 0.11479687499999999
1 0.08628125 0.031984374999999995 0.04746875 0.06396874999999999
