52 0.4593359375 0.8623828125000002 0.150640625 0.096828125
52 0.465796875 0.765671875 0.15553125 0.11868749999999999
52 0.47078125000000004 0.4910078125 0.1505625 0.11460937499999999
52 0.469296875 0.6002578125000001 0.16134375 0.117578125
52 0.4529140625 0.3999609375 0.184828125 0.11551562500000001
52 0.1314609375 0.837078125 0.18651562500000002 0.105625
52 0.14157031250000002 0.3056171875 0.18426562500000002 0.112359375
52 0.46568750000000003 0.310390625 0.1609375 0.092625
52 0.100921875 0.6409609374999999 0.1174375 0.09098437499999999
52 0.470734375 0.220125 0.15553125 0.0919375
52 0.4566953125 0.696734375 0.171015625 0.09181249999999999
52 0.1438203125 0.48614843750000003 0.197765625 0.739328125
52 0.4660234375 0.1448203125 0.175578125 0.052828125000000004
