20 0.511328125 0.4860859375 0.03309375 0.036484375
20 0.1571796875 0.5536640625000001 0.058109375 0.068140625
20 0.687625 0.449875 0.02709375 0.033218750000000005
20 0.5723515625 0.48903906250000007 0.033796875 0.039671875
20 0.5452656250000001 0.48425 0.0321875 0.038625
20 0.6105390625 0.469453125 0.032203125 0.038375
20 0.6484140625 0.47167968749999994 0.033296875 0.046796875
20 0.924828125 0.3216171875 0.018875 0.017796875
20 0.8763906250000001 0.3384609375 0.0240625 0.023859375
20 0.9396093749999999 0.3138203125 0.02203125 0.021640625
20 0.8786875 0.352828125 0.02309375 0.024531249999999998
8 0.5977734375 0.2286953125 0.038703125 0.032671875
20 0.796421875 0.28040625 0.024875 0.0171875
20 0.9430546874999999 0.2699609375 0.011703125 0.015046875000000001
20 0.7234375 0.34921875 0.55 0.2484375
