3 0.5747265625 0.34065625 0.036109375 0.02103125
3 0.5269062499999999 0.341703125 0.03815625 0.01953125
3 0.44960937500000003 0.3419140625 0.040999999999999995 0.017578125
9 0.43546093750000003 0.49427343749999997 0.329015625 0.10123437500000002
1 0.7132265625 0.3589453125 0.011078125 0.033453125
9 0.780421875 0.3973828125 0.337125 0.065984375
9 0.7373437500000001 0.39809375 0.09040625 0.072625
9 0.9743515625 0.40890624999999997 0.051296875 0.0465
9 0.9796796875 0.55315625 0.040640625 0.10887500000000001
9 0.4158125 0.3728125 0.10728125 0.04475
9 0.5758515625 0.375390625 0.142171875 0.04203125
9 0.3158046875 0.44842968749999995 0.304109375 0.042109375
1 0.357296875 0.399109375 0.014000000000000002 0.02525
1 0.4968906249999999 0.33923437500000003 0.0093125 0.02065625
1 0.48868749999999994 0.3404453125 0.00971875 0.020984375
3 0.479765625 0.3422265625 0.018625 0.017203125
3 0.403546875 0.338984375 0.023 0.01228125
9 0.8485859375 0.3781484375 0.047453125 0.034265625
9 0.2001640625 0.41298437499999996 0.273203125 0.03975
9 0.1573125 0.3780703125 0.2548125 0.051296875
9 0.8069609375 0.3859375 0.084828125 0.058062499999999996
3 0.38418749999999996 0.33576562499999996 0.0163125 0.009875
3 0.303046875 0.33669531249999995 0.045125 0.012359375
3 0.2543828125 0.334328125 0.040578125 0.015875
9 0.288703125 0.3856953125 0.11490625000000002 0.031421875
9 0.34140625 0.43828125 0.2484375 0.0921875
