61 0.24529687500000003 0.5320234375 0.27909375000000003 0.213046875
61 0.614859375 0.48628125 0.21875 0.1685
61 0.44315625000000003 0.3885859375 0.15484375 0.095859375
61 0.1713046875 0.3814609375 0.194796875 0.09864062500000001
61 0.7513671875 0.38121875 0.210890625 0.13125
61 0.45053124999999994 0.5227890625 0.15484375 0.178453125
61 0.31540625000000005 0.39607031249999997 0.11168750000000001 0.06804687499999999
61 0.5919453124999999 0.3887265625 0.17901562499999998 0.054484374999999995
88 0.8269687499999999 0.188453125 0.294125 0.362125
88 0.6048046875 0.190625 0.320953125 0.22659375
88 0.4138515625 0.1782890625 0.234484375 0.240328125
88 0.18349218750000001 0.2406953125 0.126203125 0.125234375
54 0.24038281250000001 0.5297109375 0.280203125 0.21382812499999998
54 0.6088984375 0.47474218749999997 0.22389062499999998 0.18617187500000001
61 0.0737421875 0.49358593749999996 0.112078125 0.141578125
47 0.48472656250000007 0.296078125 0.07420312500000001 0.0288125
67 0.97215625 0.48664843750000003 0.0556875 0.322171875
51 0.3342734375 0.281390625 0.189046875 0.050875000000000004
51 0.7683203124999999 0.4500703125 0.110984375 0.046828125
51 0.0466953125 0.4600546875 0.089984375 0.124078125
51 0.12889062499999998 0.328 0.1023125 0.04453125
