1 0.4763046875 0.44963281250000003 0.114203125 0.338078125
1 0.835015625 0.514140625 0.26415625 0.28803125
1 0.5969609375 0.46407031249999997 0.036015625 0.11932812500000001
1 0.2788046875 0.49707812500000004 0.072328125 0.17350000000000002
1 0.1914609375 0.49136718749999997 0.065828125 0.192953125
1 0.0824609375 0.48921875 0.062546875 0.19475
1 0.0184921875 0.494484375 0.036984375 0.20099999999999998
34 0.5340390625 0.268015625 0.040015625 0.00971875
1 0.975234375 0.521703125 0.04953125 0.1034375
1 0.0417890625 0.47903125 0.039515625 0.13443750000000002
1 0.9256875 0.446140625 0.0525625 0.13290625
1 0.9587109375 0.4474921875 0.028484375 0.140921875
1 0.4455234375 0.435015625 0.142703125 0.3401875
1 0.685078125 0.46153124999999995 0.027375 0.12068749999999999
1 0.47890625000000003 0.46484375 0.8609375 0.1796875
