18 0.33906250000000004 0.3604921875 0.136125 0.07373437499999999
64 0.6333203125 0.31487499999999996 0.085578125 0.11409375
63 0.2337421875 0.39503125 0.462453125 0.36415625
84 0.4683203125 0.2580078125 0.005015625 0.041578125
84 0.5005625 0.25834375 0.0115625 0.04584375
84 0.4966562500000001 0.20546875 0.01584375 0.04165625
84 0.49089062499999997 0.2057734375 0.0193125 0.040265625
84 0.4816953125000001 0.35766406250000005 0.052328125 0.042328125
84 0.48297656250000004 0.25759374999999995 0.026703125 0.0435625
84 0.48170312499999995 0.3153359375 0.00571875 0.028265625
84 0.4915703125 0.407390625 0.013828125 0.04040625
84 0.17014062500000002 0.11396875000000001 0.0166875 0.06715625
84 0.18982031249999998 0.18965625 0.074109375 0.08284375000000001
84 0.46067968749999993 0.20671875 0.052515624999999996 0.047375
75 0.5579921875 0.409484375 0.086390625 0.020374999999999997
84 0.46223437500000003 0.25853125 0.01128125 0.04221875
47 0.55628125 0.3734296875 0.033187499999999995 0.041765625
47 0.6232578125 0.3663359375 0.039328125000000005 0.06867187500000001
47 0.705125 0.334125 0.029656250000000002 0.04084375
84 0.1861953125 0.1140390625 0.013796875 0.07132812499999999
47 0.63875 0.3909609375 0.04803125 0.043640625
84 0.30156249999999996 0.17890625 0.303125 0.2203125
