10 0.5672421875000001 0.122984375 0.033734375 0.07284375
10 0.7054140624999999 0.1399140625 0.027578125 0.060921875
1 0.25903906250000003 0.33321874999999995 0.509046875 0.649125
1 0.9164921874999999 0.3744453125 0.026984374999999998 0.084078125
8 0.4787421875 0.352890625 0.118234375 0.10865625000000001
8 0.88015625 0.341609375 0.0576875 0.039718750000000004
8 0.056374999999999995 0.4015859375 0.04928125 0.024640625
8 0.9703359374999999 0.357640625 0.059328124999999995 0.07062500000000001
8 0.6729765625 0.36639843749999995 0.093859375 0.06889062500000001
3 0.536 0.37623437499999995 0.030406250000000003 0.0479375
3 0.10171093749999999 0.402203125 0.025703125 0.021281249999999998
3 0.09208593749999999 0.39996875 0.046203125 0.026687499999999996
3 0.8248046875 0.3456796875 0.060546875 0.034171875000000004
8 0.772328125 0.3642109375 0.10990625000000001 0.072859375
3 0.0726640625 0.4015625 0.025421875 0.024531249999999998
8 0.59290625 0.37671093749999995 0.08709375 0.070171875
10 0.1342421875 0.2931953125 0.019296874999999998 0.041671875000000004
