37 0.722109375 0.18468749999999998 0.01996875 0.02096875
1 0.4081796875 0.2561796875 0.176484375 0.478203125
1 0.1888671875 0.29104687500000004 0.125359375 0.3785625
1 0.74825 0.25734375 0.17075 0.42521875
1 0.8635156249999999 0.168703125 0.08006250000000001 0.20587499999999997
1 0.28501562500000005 0.1405546875 0.0199375 0.065203125
1 0.320890625 0.14315624999999998 0.027968749999999997 0.07225000000000001
1 0.170515625 0.11918749999999999 0.019375 0.04303125
40 0.2145703125 0.2311640625 0.059109375 0.07698437500000001
40 0.8053984375 0.2972265625 0.043234375000000005 0.071765625
1 0.15459375000000003 0.11889843750000001 0.02 0.045546875
28 0.1726328125 0.0917890625 0.039671875 0.013828125
28 0.7269921875 0.042078125 0.019453124999999998 0.01
1 0.537546875 0.0783515625 0.02515625 0.075484375
1 0.27303125 0.13828125 0.0200625 0.07196875
