20 0.4682578125 0.540640625 0.133015625 0.163625
20 0.3584296875 0.5530859375 0.088890625 0.183296875
20 0.29359375 0.545953125 0.1014375 0.1514375
20 0.21260937500000002 0.5606640625 0.0930625 0.148890625
20 0.10211718750000001 0.5589765625 0.20423437500000002 0.168390625
20 0.3084296875 0.43391406250000003 0.122234375 0.09135937499999999
20 0.40449999999999997 0.4244375 0.0948125 0.08534375
20 0.6417343750000001 0.5394296875 0.08990625 0.124796875
20 0.7970078125 0.5045000000000001 0.17485937499999998 0.14303125
20 0.13520312499999998 0.48196093749999996 0.18596875 0.048890625
20 0.7037578125 0.50165625 0.168671875 0.14925
20 0.49379687499999997 0.527078125 0.120125 0.166625
20 0.627765625 0.49192968750000005 0.12996875000000002 0.081984375
20 0.925796875 0.528875 0.14840625000000002 0.1484375
20 0.50390625 0.52578125 0.8890625 0.2359375
