1 0.499671875 0.5017968749999999 0.4954375 0.6013124999999999
1 0.6308671875 0.4110703125 0.321828125 0.596578125
1 0.7476796874999999 0.1088359375 0.169390625 0.164234375
1 0.5448437500000001 0.08770312499999999 0.09753125 0.1746875
1 0.873234375 0.058625000000000003 0.10771875 0.11725000000000001
35 0.45664843749999995 0.6918359375 0.462859375 0.142109375
35 0.4721796875 0.7873515624999999 0.546828125 0.113171875
35 0.884796875 0.6177656249999999 0.23040625 0.10228124999999999
1 0.8631093749999998 0.35993749999999997 0.27378125 0.5547187499999999
27 0.198578125 0.28026562499999996 0.10140625 0.10140625
1 0.21568749999999998 0.11671875000000001 0.07525 0.23343750000000002
1 0.1601875 0.1433203125 0.07546875 0.178078125
1 0.33253125 0.10617187500000001 0.13315625 0.20984375000000002
