58 0.28946875000000005 0.5266484375 0.0754375 0.177734375
44 0.30024999999999996 0.6364921875 0.0413125 0.077015625
44 0.1640390625 0.6274140625000001 0.043546875 0.094359375
44 0.1415859375 0.6251796875 0.040546874999999996 0.09964062500000001
62 0.8612968749999999 0.6190703125 0.049 0.109421875
1 0.887359375 0.46946875 0.2245 0.392875
1 0.2152890625 0.4158671875 0.427765625 0.413390625
47 0.458359375 0.6381328125 0.0988125 0.07373437499999999
47 0.562 0.643140625 0.0955625 0.04246875
47 0.388546875 0.6458359375 0.05559375 0.058328124999999995
54 0.28923437500000004 0.4893359375 0.07625 0.114359375
54 0.54353125 0.517109375 0.08449999999999999 0.071
1 0.6643828125 0.452015625 0.376171875 0.42471875
