16 0.748078125 0.47028906249999997 0.02425 0.061578125
16 0.7991953125 0.45609375 0.021515625 0.02121875
16 0.8152812500000001 0.465875 0.01846875 0.027250000000000003
16 0.5186875 0.2055078125 0.12809375 0.025609375
16 0.6899609375 0.4640703125 0.013609375000000002 0.035640624999999995
16 0.395609375 0.47048437499999995 0.029593750000000002 0.033687499999999995
16 0.5630546875000001 0.378953125 0.052328125 0.029906250000000002
16 0.969671875 0.45103125 0.0165625 0.0415625
16 0.9341718750000001 0.45921875 0.01303125 0.028437499999999998
24 0.504515625 0.5240078125000001 0.18140625 0.175421875
16 0.8668593749999999 0.45566406249999997 0.01403125 0.015921875
16 0.727609375 0.470375 0.022218750000000002 0.02253125
24 0.6172265625 0.5185 0.10682812500000001 0.17509375
24 0.31560156250000004 0.548 0.184421875 0.1364375
24 0.1760234375 0.5196328125 0.177546875 0.149484375
24 0.0755859375 0.544640625 0.151171875 0.13490625
24 0.88046875 0.518234375 0.12146874999999999 0.1784375
16 0.7207265624999999 0.45821093749999997 0.016765625 0.025703125
16 0.73259375 0.43040625 0.014249999999999999 0.025937500000000002
16 0.54296875 0.34375 0.8890625 0.584375
