1 0.4415703125 0.5044921875 0.608984375 0.986515625
1 0.148578125 0.592875 0.1875 0.28871875
1 0.06071093749999999 0.512921875 0.12142187499999998 0.43434375000000003
49 0.2044921875 0.6624375 0.006015625 0.172875
61 0.20588281249999998 0.7863671875 0.286828125 0.28307812499999996
32 0.41228125 0.4661875 0.2148125 0.41165624999999995
47 0.044109375000000006 0.725890625 0.06384375 0.03125
67 0.3064921875 0.8155859375000001 0.612984375 0.337671875
77 0.0357109375 0.381265625 0.027265624999999998 0.05096874999999999
67 0.0475234375 0.772703125 0.092046875 0.04409375
