3 0.598578125 0.6221953125 0.07843750000000001 0.048765625
3 0.3123046875 0.601640625 0.035296875 0.02265625
3 0.16446093750000002 0.6101640625 0.053453125000000004 0.032203125
8 0.08934375 0.6043437500000001 0.09518750000000001 0.06478125
8 0.394203125 0.6063359374999999 0.05328125 0.043515625
10 0.24824218750000002 0.36282031249999996 0.022890625 0.057078125
10 0.2698359375 0.36810156250000003 0.025546875000000004 0.061734374999999994
10 0.5635937500000001 0.52678125 0.01415625 0.031656250000000004
10 0.22725000000000004 0.367390625 0.018687500000000003 0.0605
3 0.7233359374999999 0.621703125 0.052265625 0.05
