44 0.376828125 0.4067265625 0.038906249999999996 0.171484375
44 0.48203125 0.4039296875 0.0438125 0.147703125
44 0.5325078125 0.3952890625 0.059953124999999996 0.161765625
1 0.4253046875 0.304390625 0.091109375 0.13996875
1 0.6739296874999999 0.31739062500000004 0.172421875 0.33284375
1 0.5785546874999999 0.2673984375 0.049984375 0.080953125
85 0.0885078125 0.42839062499999997 0.028171875000000002 0.03209375
44 0.5540234375 0.3668046875 0.020421875 0.082296875
44 0.34946875 0.3663125 0.045656249999999995 0.21150000000000002
47 0.4276171875 0.45665625 0.06526562500000001 0.044125
51 0.2564375 0.4316093750000001 0.1469375 0.039281250000000004
50 0.6510703125 0.34103125 0.045890625000000004 0.063875
50 0.6193984375 0.3307421875 0.053390625000000004 0.076328125
50 0.5862734374999999 0.35280468750000005 0.036578125 0.042953124999999995
