56 0.6801171874999999 0.325828125 0.241984375 0.2475
56 0.5981875 0.816828125 0.2609375 0.35865625
56 0.7918515625 0.5192421875 0.36317187500000003 0.644296875
56 0.8615078125 0.0741796875 0.150234375 0.147890625
57 0.7790390625 0.15321875 0.257953125 0.26634375
57 0.7196718750000001 0.8516171874999999 0.11353125 0.224828125
56 0.47503125 0.362046875 0.067 0.0980625
57 0.268015625 0.859234375 0.3063125 0.22971875000000003
57 0.3977890625 0.5625781249999999 0.129140625 0.107125
57 0.9354218750000001 0.1155078125 0.07603125 0.08317187499999999
57 0.475625 0.24416406250000003 0.0919375 0.060640625000000004
56 0.4169765625 0.8706484375000001 0.110421875 0.076234375
57 0.6145859375 0.48531250000000004 0.139765625 0.08903124999999999
57 0.8207812499999999 0.4324609375 0.0935 0.054546874999999995
57 0.922484375 0.1765859375 0.10190625 0.067234375
