53 0.0414296875 0.1378984375 0.081421875 0.096796875
53 0.32437499999999997 0.360953125 0.31837499999999996 0.2384375
55 0.4535546875 0.3751640625 0.188640625 0.182953125
55 0.7002343750000001 0.34313281250000005 0.1255625 0.124078125
55 0.652390625 0.41697656250000004 0.13171875 0.129359375
55 0.1344296875 0.4271875 0.109671875 0.12028125
55 0.6228125 0.5321015625 0.15740625 0.15142187499999998
55 0.09428906249999999 0.5906015625000001 0.163015625 0.161359375
55 0.22995312500000004 0.5324296875000001 0.13443750000000002 0.143265625
79 0.4221875 0.4221953125 0.844375 0.635390625
55 0.3840234375 0.4862421875 0.129109375 0.129859375
53 0.284578125 0.28614062500000004 0.063125 0.04478125
