50 0.7336796875 0.21784375 0.532640625 0.14175
56 0.78803125 0.379421875 0.083125 0.09196875
56 0.41646875 0.3105859375 0.1129375 0.081171875
56 0.4254765625 0.5099609374999999 0.063609375 0.060078125
56 0.696703125 0.43088281250000005 0.10153125 0.13573437500000002
56 0.43085156249999995 0.43477343749999997 0.08304687499999999 0.100578125
56 0.5320625 0.4729453125 0.14646874999999998 0.148234375
56 0.7631718749999999 0.3148203125 0.1055 0.078859375
56 0.3561015625 0.37434375 0.11370312499999999 0.08290625
56 0.4534453125 0.2089921875 0.070703125 0.072671875
56 0.610484375 0.5657734375 0.048875 0.044046875
57 0.5701484375 0.3642109375 0.049890625 0.043859375
57 0.8138359375 0.4738046875 0.034015625 0.037703125
57 0.71153125 0.531296875 0.042625 0.03278125
57 0.255796875 0.4525078125 0.028468749999999998 0.045453125
57 0.69384375 0.24799999999999997 0.0429375 0.01365625
57 0.5951796875 0.4080078125 0.039015625 0.041234375000000004
57 0.402609375 0.55053125 0.044937500000000005 0.04021875
57 0.28692968750000003 0.38460937500000003 0.033421875000000004 0.0385625
57 0.7709140624999999 0.4456875 0.030265625 0.04084375
57 0.4216875 0.2054296875 0.047125 0.039734375
57 0.3493203125 0.28178125 0.08451562500000001 0.08753125
56 0.5281562499999999 0.3636328125 0.04528125 0.052671875
