27 0.7218984374999999 0.42693749999999997 0.050390625 0.0715625
1 0.44200781250000004 0.47634375000000007 0.056359375 0.15975
1 0.710859375 0.484859375 0.07534375 0.232875
1 0.34415625 0.4581875000000001 0.03315625 0.082875
1 0.2169375 0.44363281250000003 0.034875 0.067203125
1 0.14450781249999997 0.43074999999999997 0.035234375 0.092125
1 0.24337499999999998 0.443390625 0.02384375 0.03721875
1 0.27129687499999994 0.40428125000000004 0.003875 0.01065625
1 0.4195078125 0.46862499999999996 0.039609375 0.11371875000000001
1 0.3068203125 0.41512499999999997 0.009515625 0.0210625
1 0.290828125 0.4181484375 0.006875000000000001 0.011515625
1 0.1867265625 0.416953125 0.012390624999999999 0.019
35 0.3981953125 0.549421875 0.039390625 0.018687500000000003
35 0.40296875 0.5229765624999999 0.049375 0.009609375
35 0.7165624999999999 0.600796875 0.21003124999999997 0.0270625
35 0.33265625 0.5019609374999999 0.03571875 0.005015625
35 0.4735859375 0.5572343750000001 0.109671875 0.015312500000000001
