62 0.3811953125 0.777875 0.196734375 0.43646874999999996
62 0.222890625 0.587375 0.13909375 0.37093750000000003
62 0.110609375 0.44639062499999993 0.0948125 0.307
67 0.4064609375 0.5883906250000001 0.687078125 0.791
48 0.5456484375 0.5157421875 0.408203125 0.124203125
50 0.614109375 0.5015859375 0.13759375000000001 0.064359375
50 0.6698828124999999 0.6525234375000001 0.16023437499999998 0.074265625
50 0.43565624999999997 0.4154140625 0.16765625 0.055734375
50 0.5156953125 0.5908046875 0.152453125 0.073984375
50 0.2013671875 0.239078125 0.10510937499999999 0.03996875
50 0.6008515625 0.4869609375 0.15132812499999998 0.072765625
50 0.18403125 0.30221875 0.0714375 0.03021875
84 0.6525000000000001 0.332265625 0.1065625 0.07759374999999999
84 0.6442656250000001 0.2905625 0.06721875000000001 0.048125
84 0.6583203124999999 0.125671875 0.075140625 0.04021875
84 0.6829765624999999 0.11890624999999999 0.134046875 0.12068749999999999
48 0.31813281250000003 0.2933046875 0.12457812500000001 0.036828125
50 0.58496875 0.6394687499999999 0.14146875 0.06440625
50 0.5981640625 0.45249218750000003 0.13670312499999998 0.051046875000000005
50 0.30360937499999996 0.408984375 0.13874999999999998 0.0496875
62 0.44734375 0.2625078125 0.05890625000000001 0.035921875
62 0.568640625 0.33130468750000003 0.07571875 0.047953125
62 0.7388125 0.4347578125 0.022375 0.018703125
84 0.6583515624999999 0.262375 0.097546875 0.07140625
84 0.6741640625 0.030820312500000002 0.089421875 0.028421875000000003
84 0.7100468750000001 0.3737265625 0.06393750000000001 0.048640625
84 0.7289609375 0.0278046875 0.026640625 0.054296875
48 0.43411718749999995 0.55596875 0.18257812499999998 0.07284375
50 0.61625 0.5975312500000001 0.10471875 0.05190625
50 0.4742109375 0.447234375 0.145046875 0.0478125
50 0.5548593749999999 0.447359375 0.11725000000000001 0.04378125
84 0.6811484375000001 0.19764062500000001 0.008765625 0.06225000000000001
84 0.66959375 0.191703125 0.01690625 0.057374999999999995
84 0.7086484375000001 0.208375 0.041171875000000004 0.05996875
84 0.740734375 0.21890625 0.01840625 0.057906250000000006
84 0.6951093749999999 0.2001328125 0.0263125 0.061046875
50 0.36015624999999996 0.36640625 0.4203125 0.2765625
84 0.6656249999999999 0.12031249999999999 0.0875 0.18125
