1 0.3544921875 0.22774218750000003 0.197484375 0.23123437500000002
1 0.6585234375000001 0.22017187500000002 0.261453125 0.2344375
60 0.5233125 0.5856718750000001 0.54775 0.3016875
60 0.1558984375 0.50140625 0.30842187499999996 0.22753125000000002
60 0.8690078124999999 0.511203125 0.261984375 0.284
60 0.6219609374999999 0.7121953125 0.299328125 0.075609375
60 0.9206640625000001 0.344109375 0.158671875 0.12046874999999999
60 0.1643203125 0.3674453125 0.16995312499999998 0.068984375
60 0.876625 0.6847421874999999 0.23765624999999999 0.10714062499999999
60 0.12493749999999999 0.6597734375 0.24987499999999999 0.17385937499999998
