64 0.7662265625000001 0.3954296875 0.060421875 0.048796875
64 0.72790625 0.391875 0.085875 0.06575
72 0.8086015625000001 0.3531328125 0.013453125 0.043921875
62 0.30848437500000003 0.5050546874999999 0.140625 0.18939062499999998
63 0.807796875 0.560296875 0.21809375000000003 0.1965625
63 0.6062109375 0.4555546875 0.205171875 0.136296875
62 0.4608828125 0.45368749999999997 0.128140625 0.17003125
62 0.5170703125 0.3743046875 0.040640625 0.041609375
86 0.2152734375 0.4706328125 0.044765624999999996 0.067609375
62 0.60046875 0.369328125 0.08259375 0.06359375
86 0.2407578125 0.4608203125 0.016953125 0.050609375
