16 0.5811640625000001 0.518453125 0.047828125 0.0504375
16 0.7990625 0.46282031250000005 0.021562500000000002 0.025703125
16 0.1961640625 0.0699765625 0.031546875 0.046890625000000005
16 0.7360546874999999 0.5133359375 0.039421875 0.06079687499999999
16 0.31903125 0.4767265625 0.03925 0.041984375000000004
16 0.6556640625 0.3561171875 0.033328125 0.031234374999999998
16 0.85375 0.340140625 0.03459375 0.026125
16 0.5266875 0.510671875 0.03203125 0.016843749999999998
16 0.973453125 0.5740234375 0.02475 0.015140625
16 0.8317343749999999 0.5663906249999999 0.0388125 0.02253125
16 0.619796875 0.52184375 0.041031250000000005 0.05525
16 0.30910156250000004 0.4494609375 0.040859374999999996 0.023546875000000002
16 0.24644531249999999 0.5431796875 0.035640624999999995 0.026015624999999997
16 0.49921875 0.4421875 0.9984375 0.540625
