19 0.6378828125 0.448734375 0.313390625 0.56190625
3 0.9374921875 0.2860703125 0.124921875 0.10570312500000001
3 0.9803671875000001 0.2421953125 0.039265625 0.031109375
1 0.6596875 0.15194531249999998 0.1630625 0.222359375
1 0.1615390625 0.4740390625 0.099328125 0.394953125
1 0.228171875 0.3598125 0.07590625 0.1219375
1 0.3234765625 0.412828125 0.11417187499999999 0.2961875
1 0.039093750000000003 0.27807031249999997 0.0140625 0.028671875000000003
8 0.295078125 0.2645546875 0.30090625000000004 0.11276562500000001
1 0.06181249999999999 0.27935156250000004 0.018562500000000003 0.051390625
8 0.9164687499999999 0.2236171875 0.08275 0.028234375
1 0.45753125 0.3733984375 0.07553125000000001 0.181515625
1 0.387765625 0.342390625 0.06778125 0.13453125
1 0.017328125 0.29293749999999996 0.0299375 0.08056250000000001
1 0.06378906250000001 0.4584296875 0.12757812500000001 0.408765625
1 0.0701484375 0.2637734375 0.010984375000000001 0.035484375
1 0.206078125 0.325953125 0.06543750000000001 0.1054375
