19 0.41537500000000005 0.48534374999999996 0.0421875 0.11871875000000001
1 0.614140625 0.45857812499999995 0.028718749999999998 0.0635625
1 0.9183749999999999 0.45740625000000007 0.052593749999999995 0.058625000000000003
1 0.4122265625 0.4486328125 0.024578125 0.066796875
1 0.46827343749999994 0.435078125 0.039984375 0.04978125
1 0.7123671874999999 0.443796875 0.033703125 0.05278125
1 0.742640625 0.44649218749999997 0.03203125 0.049390625
19 0.734703125 0.4993515625 0.139375 0.121046875
19 0.621609375 0.49821875 0.105375 0.10478125
19 0.8847578125000001 0.5153515625 0.179515625 0.104359375
19 0.4678984375 0.48671875000000003 0.045734375 0.12290625
19 0.5346015625 0.4924453125 0.089390625 0.112234375
19 0.503921875 0.490375 0.0520625 0.10846875
1 0.5111953124999999 0.44349218749999997 0.023890625 0.042265625
1 0.5326953125 0.44664062499999996 0.039390625 0.05165625
19 0.728515625 0.5297265624999999 0.02628125 0.049796875000000004
