18 0.5732265625 0.6351171874999999 0.09614062500000001 0.157484375
1 0.09684375 0.51996875 0.0840625 0.27575
1 0.164015625 0.4968359375 0.0795 0.262828125
1 0.8505312500000001 0.5702499999999999 0.1715625 0.42737499999999995
1 0.232625 0.49848437500000004 0.08090625 0.23928124999999997
27 0.06962499999999999 0.48961718750000005 0.05821875 0.134359375
77 0.785640625 0.40298437499999995 0.01221875 0.02321875
36 0.11760937499999999 0.542703125 0.05621875 0.23028125
36 0.24046093750000003 0.5188125 0.057140625 0.20409375000000002
35 0.1740546875 0.5252734375 0.079890625 0.24817187500000001
