85 0.372796875 0.37615624999999997 0.23174999999999998 0.2015
85 0.37024999999999997 0.62253125 0.21146875 0.20600000000000002
1 0.251421875 0.8911640625 0.036625000000000005 0.086390625
1 0.32032812499999996 0.9465 0.1541875 0.10700000000000001
1 0.1451015625 0.9285000000000001 0.12979687499999998 0.14221875
1 0.134515625 0.9375546875 0.14771875 0.123265625
1 0.15015625 0.8739999999999999 0.028125 0.07871875
1 0.1800703125 0.8776015625000001 0.048984375000000004 0.10695312500000001
1 0.5334140625 0.9055468750000001 0.280203125 0.15425
1 0.325640625 0.8688750000000001 0.03690625 0.04725
1 0.6419453125 0.822515625 0.041828125 0.05365625
1 0.676203125 0.8539453124999999 0.02865625 0.11170312499999999
1 0.7139609375 0.9181796875000001 0.072078125 0.137671875
1 0.0545390625 0.9389609375 0.098703125 0.085703125
1 0.2210625 0.874453125 0.0399375 0.051625
1 0.35859375 0.9 0.6765625 0.190625
