20 0.5804921875 0.567078125 0.117234375 0.1783125
20 0.4638203125 0.5723203124999999 0.168796875 0.172703125
20 0.7797578125000001 0.475421875 0.27404687499999997 0.12721875
20 0.15403125 0.6193593749999999 0.1919375 0.17096875
20 0.6236484375 0.4725937499999999 0.11014062499999999 0.11015625
20 0.32321093749999996 0.55053125 0.183109375 0.170125
20 0.7395625 0.5592109375000001 0.18303125 0.191546875
20 0.5225859375 0.222703125 0.061796874999999994 0.1014375
20 0.6140703125000001 0.4498671875 0.191890625 0.13379687499999998
20 0.7746171875 0.14825000000000002 0.093171875 0.05715625
20 0.553125 0.2796328125 0.0528125 0.082890625
20 0.7418281250000001 0.20969531249999998 0.1466875 0.104453125
20 0.6229765624999999 0.2555546875 0.10992187499999999 0.097859375
