1 0.218109375 0.4160625 0.037875 0.0403125
1 0.49078906250000004 0.403640625 0.016953125 0.0270625
1 0.51115625 0.402015625 0.028968749999999998 0.030406250000000003
1 0.1539609375 0.4205859375 0.046734375 0.074921875
1 0.31470312500000003 0.41669531249999997 0.04628125 0.044671875
1 0.4411015625 0.40217187499999996 0.028734375 0.034875
1 0.6141015624999999 0.4042421875 0.021703125 0.020671875
1 0.6348906249999999 0.39615625 0.01821875 0.027968749999999997
1 0.651328125 0.39839062499999994 0.01053125 0.0235
1 0.6712578125 0.3965078125 0.012578125 0.018640625
1 0.4166171875 0.39992968749999996 0.026390625 0.040984375
1 0.58075 0.4035390625 0.017875 0.021703125
1 0.731 0.3910703125 0.01009375 0.020921875
35 0.15580468749999998 0.45109375 0.048078125 0.009625
35 0.5904609375000001 0.402375 0.007734375 0.02375
1 0.76171875 0.37109375 0.3359375 0.0921875
