6 0.1868046875 0.8492109375 0.373609375 0.275171875
10 0.21235937500000002 0.47864843749999997 0.0561875 0.085390625
10 0.406078125 0.51078125 0.031625 0.07421875
3 0.6329765625 0.870890625 0.065953125 0.052031249999999994
3 0.6488515625 0.8525546875 0.063703125 0.039390625
3 0.6622499999999999 0.841265625 0.043187500000000004 0.0263125
3 0.5709140625 0.8431484374999999 0.045390625000000004 0.047890625
3 0.58778125 0.8102109375000001 0.012375 0.011453125
3 0.400109375 0.8369843750000001 0.06021875 0.04196875
3 0.47216406250000004 0.8314609374999999 0.028578125 0.022671875
3 0.43585156249999996 0.8372187499999999 0.023765625000000002 0.03284375
3 0.4505546875 0.8331640625 0.021203125 0.025546875000000004
3 0.49110156250000003 0.824375 0.030671874999999998 0.02953125
3 0.562078125 0.8114375000000001 0.0205625 0.0120625
3 0.5124296875000001 0.819625 0.024515625 0.025687500000000002
3 0.6839375 0.83909375 0.01715625 0.02909375
3 0.50703125 0.828125 0.3609375 0.0625
