72 0.710203125 0.2851875 0.0845625 0.1120625
62 0.5673671874999999 0.3773671875 0.157015625 0.179328125
63 0.11964843750000001 0.47957812499999997 0.22967187500000003 0.3244375
1 0.152890625 0.4019375 0.27337500000000003 0.0973125
81 0.9637890625000001 0.4061328125 0.069546875 0.030421874999999998
88 0.3219375 0.52334375 0.24721875 0.15796875
31 0.4748671875 0.49216406249999994 0.11495312499999999 0.154546875
27 0.119484375 0.6452734375 0.17840625000000002 0.20632812500000003
33 0.3368984375 0.40859375 0.171078125 0.08553125
67 0.5132109375 0.5773671874999999 0.610421875 0.322703125
