44 0.21271875 0.5918359375 0.0294375 0.07173437499999999
84 0.47801562500000006 0.2932265625 0.06840625 0.023234374999999998
84 0.48033593750000003 0.3093828125 0.083609375 0.019671875
84 0.4723203125 0.4190546875 0.24201562499999998 0.101171875
67 0.16012500000000002 0.70359375 0.23628125 0.23628125
79 0.37646875 0.61178125 0.22296875 0.093625
79 0.359203125 0.7476640625 0.18859375 0.164328125
84 0.468765625 0.19932031249999999 0.18053125 0.079203125
84 0.4745078125 0.32639062500000005 0.092015625 0.0201875
84 0.3985546875 0.322140625 0.088921875 0.02690625
84 0.45954687499999997 0.22715625 0.18784375 0.0740625
