37 0.7292109375 0.30388281250000004 0.009171875 0.007421875
1 0.11233593750000001 0.2991640625 0.085859375 0.154078125
1 0.25378125 0.312125 0.163625 0.128
1 0.44639062500000004 0.2840625 0.1046875 0.17996875
1 0.49015625 0.1833515625 0.04425 0.147140625
1 0.775265625 0.19865624999999998 0.01196875 0.12065624999999999
15 0.6278984375 0.2042734375 0.21276562499999999 0.075765625
39 0.5021953124999999 0.191875 0.054921874999999995 0.04290625
40 0.3218203125 0.29709375 0.025015625000000003 0.03096875
27 0.656953125 0.23194531249999997 0.015312500000000001 0.025078125
1 0.7514453125 0.18628125 0.046484375 0.15171874999999999
27 0.6369375 0.23553125000000003 0.026875 0.02071875
