72 0.326609375 0.2219453125 0.1184375 0.098515625
63 0.262109375 0.4024609375 0.32853125 0.178546875
62 0.6298203125 0.4264375 0.176890625 0.190875
62 0.041585937499999996 0.412765625 0.08317187499999999 0.17775000000000002
84 0.11389843749999999 0.278609375 0.011421875 0.0319375
84 0.09471093750000001 0.31446875 0.006546875000000001 0.031656250000000004
84 0.1144453125 0.3160078125 0.006734374999999999 0.030453124999999998
84 0.103875 0.3518125 0.0081875 0.030875000000000003
84 0.757875 0.4322890625 0.02728125 0.046796875
84 0.7346640624999999 0.37539843749999996 0.072484375 0.062078125
84 0.7360078125 0.415359375 0.021890625 0.041749999999999995
84 0.04159375 0.26778124999999997 0.0420625 0.019125
84 0.7478906249999999 0.3426484375 0.0191875 0.038390625
84 0.0975625 0.35436718749999996 0.01096875 0.031078125
84 0.046328125 0.2117421875 0.01184375 0.016671875
84 0.08026562500000001 0.350171875 0.014468749999999999 0.029187499999999998
67 0.225015625 0.47442968750000003 0.24940625 0.081328125
84 0.0431953125 0.17392968749999999 0.045484375 0.021015625
63 0.6307578125 0.4278125 0.166234375 0.18812500000000001
67 0.5073359375 0.4589453125 0.142578125 0.123609375
84 0.38906250000000003 0.29453125 0.759375 0.2984375
