35 0.8608828125 0.26425000000000004 0.278234375 0.042312499999999996
1 0.2570390625 0.055859375 0.100734375 0.09696875
1 0.69859375 0.2025078125 0.19243749999999998 0.405015625
1 0.5439765625 0.33395312499999996 0.194453125 0.21428124999999998
1 0.4006328125 0.46271093750000003 0.398734375 0.26960937500000004
1 0.8971562500000001 0.13613281249999998 0.14240625 0.26582812499999997
1 0.12471874999999999 0.4702265625 0.24943749999999998 0.559546875
1 0.972125 0.10472656250000001 0.05575 0.207765625
1 0.0306171875 0.15725 0.060421875 0.14521875
1 0.2441171875 0.298890625 0.180078125 0.48081250000000003
35 0.66915625 0.442203125 0.19675 0.08571875
35 0.39453125 0.5902265624999999 0.5503125 0.151765625
