44 0.7091015625 0.3535546875 0.057890624999999994 0.133578125
1 0.3111328125 0.1598984375 0.29426562500000003 0.319796875
1 0.63765625 0.169609375 0.167875 0.1806875
50 0.4358046875 0.27703125 0.029640624999999997 0.05440625
50 0.34671093750000004 0.27757031249999997 0.034578125 0.057359375000000004
50 0.706953125 0.24060156249999998 0.0116875 0.033734375
51 0.2647734375 0.390921875 0.12257812500000001 0.08503125
51 0.5158359375 0.41325 0.145703125 0.08509375
47 0.2838984375 0.31243750000000003 0.037484375 0.061250000000000006
48 0.6557265624999999 0.5005546875 0.036828125 0.034484375
51 0.5992734375 0.3023671875 0.104734375 0.055015625
51 0.1304765625 0.33725 0.042765625 0.046406249999999996
51 0.46267187500000007 0.46149999999999997 0.12384375 0.10165625
51 0.6750859375 0.317203125 0.058578125 0.047875
47 0.6873671875 0.25241406250000004 0.028640624999999996 0.051359375
51 0.70371875 0.2517421875 0.0626875 0.050359375
44 0.060804687499999996 0.41607812499999997 0.059484375 0.134125
44 0.763875 0.256125 0.034749999999999996 0.047281250000000004
44 0.522203125 0.3050859375 0.054531249999999996 0.084328125
61 0.447046875 0.27612499999999995 0.028937499999999998 0.02203125
61 0.411296875 0.26778125 0.03825 0.020749999999999998
50 0.64453125 0.25765625000000003 0.0095 0.01965625
