20 0.410609375 0.5119687500000001 0.06859375 0.11190625000000001
20 0.518359375 0.515546875 0.1460625 0.1035
20 0.73415625 0.5150859375000001 0.16434375 0.098609375
20 0.9155546875 0.5140703125 0.099515625 0.099515625
20 0.8370546875 0.5107265625 0.121296875 0.09260937500000001
20 0.2004140625 0.49594531249999996 0.056859375000000004 0.096203125
20 0.15855468749999999 0.487984375 0.055046874999999995 0.089125
20 0.406625 0.438828125 0.078625 0.06346874999999999
20 0.46430468750000004 0.4286796875 0.072640625 0.060015624999999996
20 0.2841953125 0.5053515625 0.06539062500000001 0.091546875
20 0.511046875 0.47351562499999994 0.0656875 0.014343749999999999
20 0.6173515625 0.5057578125000001 0.112359375 0.093640625
20 0.28965625 0.4373046875 0.0499375 0.017203125
20 0.959171875 0.503203125 0.08165625 0.0875
20 0.6029609375 0.5095546875 0.062328125 0.09326562499999999
20 0.36714843750000004 0.5113125 0.078921875 0.09640625
20 0.25646875 0.5025859375 0.06643750000000001 0.091984375
20 0.565625 0.48671875 0.728125 0.1453125
