10 0.4982265625 0.265703125 0.049390625 0.0799375
10 0.2806796875 0.273140625 0.017109375 0.03609375
10 0.1930859375 0.2690859375 0.015171875000000001 0.031171874999999998
11 0.1955 0.6678515625 0.24718749999999998 0.541578125
3 0.1151015625 0.425234375 0.060765625000000004 0.03178125
3 0.0150546875 0.4223515625 0.030109375 0.040796874999999996
10 0.419859375 0.35301562500000006 0.016875 0.030375000000000003
3 0.3783203125 0.4221796875 0.024171875000000002 0.019578125
3 0.42308593749999995 0.424671875 0.027546875 0.0196875
3 0.3068046875 0.424515625 0.033015625 0.015875
