9 0.558453125 0.4593828125 0.19821875 0.051234375
9 0.2524765625 0.4306171875 0.15101562500000001 0.089671875
9 0.506125 0.43660156250000004 0.228875 0.035390624999999995
1 0.45432031250000005 0.414875 0.029796875 0.044687500000000005
9 0.5940156249999999 0.3675 0.374 0.12625
1 0.17736718750000002 0.37175 0.010953125 0.031468750000000004
1 0.37571875 0.3719140625 0.01525 0.032203125
1 0.482765625 0.4115859375 0.028718749999999998 0.044171875
1 0.4305703125 0.36809375 0.011328125 0.025437500000000002
1 0.40521093750000003 0.36978906250000004 0.011796875 0.018140625
9 0.737859375 0.4838203125 0.08678125 0.065171875
28 0.44901562500000003 0.306578125 0.06053125 0.029593750000000002
28 0.6530078125 0.184046875 0.041296875 0.03775
28 0.6332812499999999 0.24207812500000003 0.047 0.03721875
28 0.5526249999999999 0.28015625000000005 0.0684375 0.0484375
28 0.36059375 0.2691953125 0.0545625 0.031171874999999998
1 0.435046875 0.4139609375 0.01846875 0.038859375
1 0.46013281250000004 0.3861171875 0.032859375 0.048953125
1 0.7064921875 0.457609375 0.037921875 0.06775
1 0.266859375 0.362296875 0.01234375 0.04690625
9 0.359234375 0.43703125 0.07478125 0.0486875
9 0.07492187499999999 0.43121093749999995 0.14746874999999998 0.083765625
1 0.5748203125000001 0.402171875 0.041640625 0.046
1 0.41207031250000004 0.34953125 0.012859375000000001 0.019375
9 0.3713125 0.39816406249999997 0.1163125 0.021171875
1 0.3223828125 0.3694375 0.013953125 0.027625
28 0.4185859375 0.3264296875 0.046140625000000005 0.035484375
28 0.5492031249999999 0.246078125 0.0620625 0.0301875
28 0.3671640625 0.31703125 0.050328125 0.034125
28 0.410015625 0.30257812500000003 0.0359375 0.02734375
28 0.4828671875 0.32584375 0.070640625 0.04296875
28 0.349265625 0.2487890625 0.03075 0.027640625000000002
28 0.3336328125 0.3284140625 0.040578125 0.048828125
28 0.3793515625 0.3287890625 0.057671875 0.039671875
28 0.14096875 0.24306250000000001 0.034625 0.02415625
1 0.37265625 0.35625 0.7359375 0.2125
28 0.4375 0.24375 0.684375 0.153125
