3 0.29104687500000004 0.678390625 0.20246875000000003 0.14996875
3 0.27152343749999996 0.5714453125 0.265203125 0.187140625
3 0.09671874999999999 0.5926171875 0.18878124999999998 0.180953125
3 0.201578125 0.5884453125 0.27359374999999997 0.15717187500000002
3 0.4214140625 0.6413281249999999 0.243984375 0.2290625
3 0.626984375 0.6620234375 0.10671875 0.154578125
1 0.4051328125 0.5644843749999999 0.423140625 0.63625
41 0.458984375 0.7987734375 0.16896875 0.16729687499999998
3 0.30488281250000004 0.598859375 0.25179687500000003 0.16509374999999998
3 0.1344609375 0.6265468750000001 0.074015625 0.09571874999999999
