9 0.22309374999999998 0.3141171875 0.12684375 0.117890625
9 0.54153125 0.34034375000000006 0.1876875 0.1345
9 0.37215625 0.2631015625 0.0715 0.025046875000000003
9 0.306015625 0.23183593749999998 0.0560625 0.05192187499999999
1 0.7483749999999999 0.370796875 0.08578125 0.2078125
1 0.48458593749999995 0.3746953125 0.038453125 0.071859375
1 0.5704999999999999 0.38828124999999997 0.039 0.087
1 0.505859375 0.367953125 0.02284375 0.0558125
1 0.5556093750000001 0.3312890625 0.013593749999999998 0.052828125000000004
1 0.536703125 0.34670312499999995 0.0188125 0.04084375
1 0.9713046875 0.5445703125 0.057390624999999994 0.237890625
31 0.75640625 0.35871875000000003 0.02803125 0.055343750000000004
31 0.9776484375 0.5118125 0.044703124999999996 0.06343750000000001
31 0.487234375 0.346328125 0.02809375 0.0238125
