1 0.3918515625 0.153484375 0.315171875 0.303375
1 0.6941328124999999 0.125703125 0.267484375 0.248875
1 0.614328125 0.562640625 0.61853125 0.3471875
1 0.22550781250000002 0.21959375 0.211140625 0.4375
50 0.6612265625 0.19161718749999998 0.021109375 0.046765625
61 0.4578671875 0.34140625 0.283390625 0.19015625
47 0.773015625 0.29060937499999995 0.06384375 0.0735625
47 0.7291015625 0.259171875 0.034421875000000005 0.06146875
47 0.9188359375000001 0.2891328125 0.057734375000000004 0.060015624999999996
47 0.8770078125 0.2987578125 0.058453124999999995 0.071265625
47 0.8372265624999999 0.30860937499999996 0.067453125 0.0743125
47 0.9336484375 0.24725000000000003 0.037390625 0.020125
47 0.9802734375000001 0.26364062499999996 0.039453125 0.025687500000000002
47 0.9871015625 0.2855234375 0.023765625000000002 0.023765625000000002
47 0.93775 0.36227343749999996 0.0696875 0.066765625
47 0.9483046875000001 0.285015625 0.053796875 0.056906250000000005
47 0.9572109375 0.24350781249999998 0.038953125 0.020765625
50 0.9783203125 0.3148125 0.030859375 0.03290625
1 0.0916640625 0.24074218749999998 0.183328125 0.48148437499999996
1 0.8798984375000001 0.17467187499999998 0.158796875 0.1555625
1 0.04259375 0.6055546875000001 0.0851875 0.174078125
1 0.928578125 0.645046875 0.14284375 0.168125
47 0.9040234374999999 0.25575 0.046921875 0.03753125
62 0.6878984375 0.156359375 0.329109375 0.0863125
67 0.6448046875 0.39935156250000003 0.709078125 0.42857812500000003
44 0.6953203125 0.271203125 0.051171875 0.0836875
47 0.9768515624999999 0.30419531250000004 0.046296875 0.045546875
47 0.8492187499999999 0.3109375 0.2984375 0.16875
