37 0.15138281250000002 0.10832031249999999 0.012640624999999999 0.008953125000000001
62 0.499421875 0.0879765625 0.07953125 0.080078125
1 0.6144999999999999 0.3191015625 0.20640624999999999 0.255546875
43 0.5016953125000001 0.20104687499999999 0.040984375 0.034499999999999996
27 0.094921875 0.0740625 0.06846875 0.073375
62 0.1316484375 0.0842109375 0.030546875 0.066984375
62 0.037875 0.0645859375 0.0753125 0.050390625
62 0.7021093749999999 0.033296875000000004 0.052031249999999994 0.044375
62 0.7503593749999999 0.033562499999999995 0.05271875 0.037875
62 0.797625 0.0385234375 0.05021875 0.036234375
62 0.8475703125 0.0418125 0.053828125000000004 0.03778125
62 0.8976796875 0.0461796875 0.05242187499999999 0.034296875
64 0.6524140625000001 0.05828124999999999 0.086140625 0.0450625
64 0.7030078125 0.0687109375 0.024453125 0.031796875
15 0.0755625 0.09984375 0.14871875 0.118875
64 0.742421875 0.0672109375 0.08059374999999999 0.045515625
64 0.8993281249999999 0.08322656249999999 0.07634375 0.047328125
64 0.8514921875 0.0686171875 0.028734375 0.022578124999999998
64 0.8158125 0.074265625 0.08209375 0.05053125000000001
64 0.6005234374999999 0.0455703125 0.018671874999999998 0.022640625
64 0.50378125 0.035921875000000006 0.01940625 0.01896875
64 0.43020312499999996 0.0358203125 0.044687500000000005 0.042109375
64 0.35482812500000005 0.0187421875 0.014374999999999999 0.018390625
62 0.8818281250000001 0.014898437500000002 0.04896875 0.028390625000000003
62 0.83265625 0.0115 0.0458125 0.02271875
64 0.587515625 0.04195312500000001 0.015062500000000001 0.02059375
