1 0.30558593749999996 0.386625 0.31320312499999997 0.40971875
1 0.16396093750000001 0.37780468749999996 0.324546875 0.7298281249999999
1 0.6279375 0.41847656250000004 0.143375 0.200734375
47 0.5029296875 0.6149453125 0.10332812499999999 0.109640625
47 0.930734375 0.554578125 0.06059375 0.10003124999999999
48 0.8936484375000001 0.5049921875 0.032703125 0.045578125000000004
48 0.495375 0.479625 0.08653125 0.048593750000000005
49 0.8426484375000001 0.49675781249999995 0.05795312500000001 0.047546875
51 0.6188125 0.7152421875 0.14525 0.069515625
51 0.5900078125 0.6133593749999999 0.077578125 0.04696875
51 0.6125468749999999 0.7107109374999999 0.1950625 0.078578125
1 0.839609375 0.309265625 0.32078125 0.35225
44 0.7501093750000001 0.4986171875 0.06221875 0.135953125
47 0.7513046875 0.49719531250000004 0.06401562499999999 0.13370312499999998
62 0.57990625 0.2826015625 0.1929375 0.018328125
62 0.978609375 0.30345312500000005 0.04278125 0.05653125
62 0.6182109375 0.2914453125 0.115984375 0.022953124999999998
62 0.6343203125 0.303109375 0.090015625 0.0169375
67 0.537578125 0.3804140625 0.31684375 0.135515625
67 0.7062890625 0.3268984375 0.07473437499999999 0.08742187500000001
62 0.48771875000000003 0.302046875 0.186125 0.02553125
62 0.7208984374999999 0.25827343750000004 0.146890625 0.013078125
62 0.4874375 0.3169140625 0.1935625 0.019578125
62 0.4860703125 0.3282265625 0.197453125 0.023546875000000002
62 0.7216250000000001 0.2682734375 0.14659375 0.010765625
62 0.7183828124999999 0.2752890625 0.140390625 0.009234375
62 0.7086874999999999 0.2834296875 0.0880625 0.011171875000000001
47 0.613640625 0.5309296875 0.05 0.075953125
67 0.6558437500000001 0.587015625 0.6883125 0.30975
