6 0.12940625 0.2773515625 0.22046875 0.104484375
6 0.36046093749999997 0.2790703125 0.312890625 0.094078125
6 0.5611640625000001 0.2792265625 0.104453125 0.088671875
6 0.700671875 0.28334375 0.10646875 0.07365625
6 0.617703125 0.280734375 0.06165625 0.08321875
6 0.7954453125000001 0.2864609375 0.113484375 0.070515625
6 0.84784375 0.27684375 0.01853125 0.0484375
6 0.9116875000000001 0.289421875 0.111375 0.05890625000000001
6 0.0130078125 0.2624765625 0.024671875 0.101171875
6 0.981859375 0.2875625 0.024281249999999997 0.054718750000000003
