2 0.0123828125 0.5753984375000001 0.024765625 0.096359375
1 0.27740624999999997 0.394109375 0.28634375 0.4765
1 0.48225 0.47829687499999995 0.091125 0.22562500000000002
1 0.1754921875 0.5013984375 0.11485937500000001 0.278484375
1 0.03375 0.48891406249999997 0.0675 0.308171875
41 0.335953125 0.6370781249999999 0.105625 0.28090625
1 0.0751953125 0.5442890625000001 0.054734375 0.135671875
1 0.57090625 0.49512500000000004 0.1925625 0.2220625
1 0.4070546875 0.5051875 0.047453125 0.16309374999999998
1 0.0826015625 0.5116796874999999 0.062796875 0.176984375
1 0.22234374999999998 0.4755234375 0.03596875 0.138671875
1 0.1157265625 0.508609375 0.024046875000000002 0.1595625
1 0.41959375 0.5012265625000001 0.025500000000000002 0.055640625
41 0.503375 0.5988749999999999 0.0388125 0.03175
41 0.45474218749999995 0.600765625 0.033265625 0.0283125
