44 0.178015625 0.37414062500000006 0.03446875 0.10887500000000001
44 0.08898437499999999 0.37219531250000004 0.0393125 0.100265625
1 0.6490234375 0.35238281250000003 0.49770312499999997 0.42604687500000005
1 0.40392968749999997 0.321734375 0.387109375 0.2933125
1 0.218 0.247859375 0.21303125 0.15728124999999998
1 0.12930468750000002 0.2975859375 0.041296875 0.043390625
50 0.551875 0.69596875 0.1504375 0.08987500000000001
50 0.08944531250000001 0.692515625 0.11629687500000001 0.03984375
51 0.26928125 0.7264609375 0.25990625 0.20935937500000001
51 0.08859375 0.5196171875000001 0.12940625 0.083609375
51 0.582109375 0.4718203125 0.10200000000000001 0.066046875
51 0.3314765625 0.4240546875 0.049765625 0.051765625
86 0.9584921875 0.6994765625 0.08301562500000001 0.310828125
47 0.702484375 0.73940625 0.1651875 0.26184375000000004
50 0.257265625 0.5226640625 0.05625 0.037078125
50 0.743953125 0.5758984375 0.15684375 0.034671875000000005
64 0.86953125 0.386328125 0.2609375 0.47109375
67 0.5 0.6016484375 1.0 0.5685781249999999
86 0.131109375 0.4051484375 0.02615625 0.057609375
86 0.9395156250000001 0.57115625 0.05450000000000001 0.09840625
1 0.27379687500000005 0.288546875 0.029375000000000002 0.0459375
1 0.31678125 0.2964765625 0.0844375 0.077578125
1 0.190078125 0.3358828125 0.08787500000000001 0.098234375
44 0.0458984375 0.3401796875 0.017390625 0.034796875
47 0.73628125 0.5591875 0.10290625 0.12421875
47 0.3349453125 0.5510625 0.082890625 0.131125
47 0.1671015625 0.4449609375 0.045078125000000004 0.070109375
47 0.393859375 0.4556484375 0.053968749999999996 0.064609375
47 0.2103671875 0.41321874999999997 0.035671875 0.0541875
47 0.0464296875 0.3781953125 0.024328125 0.011765625
47 0.0510859375 0.3625625 0.014703125000000001 0.015437500000000002
47 0.3309609375 0.4212265625 0.046765625 0.039953125
47 0.1476171875 0.3937578125 0.019578125 0.036328125
47 0.060945312499999994 0.40738281249999997 0.021859375 0.033671875000000004
50 0.8096640625 0.63821875 0.036171875 0.0311875
50 0.12105468750000001 0.5814765625 0.205078125 0.057140625
50 0.474640625 0.48107031250000004 0.11174999999999999 0.012609375
50 0.5923203125 0.8687031250000001 0.117453125 0.03446875
47 0.583375 0.471921875 0.10271875 0.06453125
86 0.039429687500000005 0.36827343749999997 0.013484375000000002 0.029390624999999997
86 0.11235937500000001 0.395796875 0.01175 0.03415625
47 0.0166015625 0.3769375 0.019859375000000002 0.02840625
47 0.23984375 0.57890625 0.4765625 0.5140625
