44 0.809765625 0.5413359375000001 0.0236875 0.067296875
44 0.8673125 0.58246875 0.01484375 0.08309375
44 0.8548984374999999 0.5815625 0.018203125 0.05615625
44 0.8248828125000001 0.553625 0.018890625 0.06859375
44 0.8593593749999999 0.6767734375 0.017781250000000002 0.071640625
44 0.8429296874999999 0.6788984375 0.013046875 0.031890625
1 0.23913281249999999 0.4253984375 0.431265625 0.622578125
1 0.67953125 0.4937890625 0.1350625 0.426953125
49 0.8971171874999999 0.40684374999999995 0.009296875 0.07928125
49 0.9178046875 0.419 0.007890625 0.06284375
51 0.0854375 0.3457734375 0.018437500000000002 0.012296875
47 0.1582734375 0.41333593750000003 0.017921875 0.011140625
49 0.91084375 0.4062578125 0.0062812499999999995 0.07195312499999999
27 0.0525234375 0.408296875 0.096265625 0.06659375
44 0.8449140625 0.56475 0.023078124999999998 0.073625
47 0.1815078125 0.37096874999999996 0.013984374999999999 0.010249999999999999
47 0.9178125 0.479046875 0.02121875 0.018
47 0.8800625 0.46842187500000004 0.013250000000000001 0.01115625
47 0.213890625 0.37081250000000004 0.01378125 0.00803125
49 0.9283359375000001 0.42327343749999996 0.0044843750000000005 0.057828124999999994
51 0.1706171875 0.42780468750000006 0.040734375 0.015421874999999998
51 0.1308515625 0.4302578125 0.032109375 0.013453125
51 0.8785859375 0.45892187500000003 0.048984375000000004 0.020999999999999998
47 0.06354687499999999 0.344796875 0.02025 0.01221875
47 0.1917890625 0.371859375 0.011640625 0.01053125
47 0.085828125 0.34603125 0.0158125 0.0115625
