25 0.4407109375 0.672859375 0.412328125 0.35728125
25 0.3750234375 0.6150546875 0.232171875 0.414828125
25 0.357515625 0.5152656250000001 0.107375 0.30771875
1 0.24778125 0.3585078125 0.006812500000000001 0.012859375000000001
1 0.172390625 0.36584375 0.017249999999999998 0.024875
1 0.017546875 0.37365625 0.0189375 0.0528125
1 0.257625 0.3551640625 0.00665625 0.019734375000000002
1 0.2645 0.3570625 0.0096875 0.02078125
25 0.7085859375 0.357359375 0.032484374999999996 0.11296874999999999
1 0.274734375 0.3582109375 0.0125 0.028234375
