64 0.44953906250000003 0.13528125 0.052578124999999996 0.09375
44 0.6215859374999999 0.4213125 0.11851562499999999 0.25078125
62 0.9041562500000001 0.508234375 0.1916875 0.46653124999999995
62 0.94084375 0.247484375 0.1183125 0.13490625
63 0.6864140625 0.1876875 0.101484375 0.12665625
67 0.46078906249999996 0.511203125 0.9180468749999999 0.46168750000000003
1 0.34239062499999995 0.187546875 0.26484375 0.26871875
1 0.6758359375 0.29590625 0.461796875 0.57471875
46 0.25996874999999997 0.4299921875 0.0809375 0.11082812500000001
47 0.40367968750000005 0.326984375 0.057015625 0.10165625
47 0.4644296875 0.33194531250000003 0.054671875 0.097203125
49 0.0901484375 0.5060859375 0.180296875 0.009421875
51 0.221625 0.6160078125 0.35562499999999997 0.241015625
51 0.32424218749999995 0.3391875 0.058796875000000005 0.0463125
51 0.22892187500000002 0.35084375 0.12396875 0.07190625
52 0.21229687500000002 0.58459375 0.279 0.17696875
55 0.24647656249999997 0.685734375 0.045765625 0.047531250000000004
55 0.2211875 0.6205390625 0.02403125 0.020734375
55 0.250953125 0.6078359375 0.047843750000000004 0.035390624999999995
55 0.3404453125 0.638875 0.031359375 0.0338125
55 0.2826640625 0.6744375 0.042453125 0.039375
48 0.0948359375 0.51959375 0.119890625 0.01365625
49 0.6055937499999999 0.46121093750000003 0.17915625 0.024953125
50 0.5421171874999999 0.4645 0.049390625 0.01925
47 0.2600234375 0.43032031249999997 0.082703125 0.11470312499999999
47 0.38807031249999996 0.4068125 0.046703125 0.0720625
47 0.32335937499999995 0.3427578125 0.05721875 0.045984375
50 0.09630468749999999 0.5211484375 0.12160937499999999 0.013953125
53 0.28365625 0.5773125 0.07196875 0.0738125
55 0.20270312499999998 0.6376171875 0.04196875 0.046015625
55 0.2653671875 0.654546875 0.180796875 0.1076875
55 0.16416406249999999 0.63865625 0.037640625 0.04171875
55 0.138484375 0.6674062500000001 0.034687499999999996 0.033125
55 0.1751796875 0.6770859375 0.037453125 0.032765625
62 0.272671875 0.2264921875 0.0464375 0.17510937499999998
