85 0.36189062499999997 0.311328125 0.142875 0.14581249999999998
3 0.2995546875 0.6975 0.102953125 0.0610625
3 0.1589453125 0.691828125 0.090140625 0.036843749999999995
3 0.2387578125 0.6855859375 0.074296875 0.038265625
3 0.10061718750000001 0.6945703125 0.05745312500000001 0.038796874999999995
3 0.045734375 0.6913984375 0.08921875 0.049703125
8 0.5765703125 0.6917734375 0.23498437499999997 0.071421875
3 0.5799296875 0.71059375 0.23545312499999999 0.060406249999999995
3 0.4783125 0.6757421875 0.0516875 0.022265625
3 0.6458359375 0.669546875 0.063296875 0.024781249999999998
8 0.047484375 0.6917421874999999 0.09496875 0.052953125000000004
85 0.48046875 0.321546875 0.02865625 0.15340625000000002
3 0.6993125 0.6790546875 0.048375 0.012984375000000001
