44 0.42970312499999996 0.44588281249999995 0.02496875 0.055546874999999996
44 0.4451328124999999 0.511578125 0.026890625 0.06853125
44 0.41757031250000004 0.5142890625 0.023859375 0.037671875
44 0.41798437499999996 0.5273515625 0.0215 0.027765625
62 0.783328125 0.5931328124999999 0.2503125 0.14810937500000002
62 0.9518984374999999 0.514921875 0.096203125 0.2685625
62 0.78390625 0.5613828125 0.1731875 0.180734375
67 0.343359375 0.5319453125 0.6686875 0.253953125
1 0.4586796875 0.360796875 0.142265625 0.17490624999999999
1 0.7092421874999999 0.4798828125 0.253234375 0.37292187499999996
1 0.34727343749999995 0.40702343750000003 0.15232812499999998 0.206734375
47 0.5726640625 0.4721328125 0.030984374999999998 0.060890625
47 0.5042109374999999 0.45017968750000004 0.031203124999999998 0.028171875000000002
47 0.3219765625 0.5427109375 0.039671875 0.050453125
47 0.2649921875 0.548375 0.041109375 0.077
47 0.062640625 0.6270390625 0.05834375000000001 0.080296875
50 0.544875 0.55671875 0.10221875 0.03515625
50 0.0364296875 0.5903437500000001 0.015890625 0.03175
47 0.5098203125 0.43315625 0.030453124999999998 0.040375
47 0.416203125 0.5774687500000001 0.042625 0.08525
47 0.5067734375 0.4935 0.040171875 0.06153125
47 0.4000546875 0.47503906250000005 0.033859375000000004 0.041140625
67 0.8499375 0.3905546875 0.15675 0.165921875
1 0.2698046875 0.42809375 0.20685937499999998 0.2053125
1 0.1566796875 0.48727343749999996 0.304359375 0.323859375
1 0.6596796875000001 0.39764843749999995 0.099203125 0.139390625
47 0.4455390625 0.45751562500000004 0.023765625000000002 0.02778125
47 0.621703125 0.436984375 0.030875000000000003 0.04990625
1 0.5679062500000001 0.3634453125 0.11168750000000001 0.174234375
47 0.479671875 0.4384375 0.02778125 0.050562499999999996
47 0.4734375 0.5 0.240625 0.171875
