44 0.3969609375 0.1926640625 0.023234374999999998 0.089046875
44 0.6655 0.1917109375 0.0210625 0.057015625
79 0.7702421875000001 0.28992968750000003 0.129609375 0.070203125
17 0.385109375 0.6859531249999999 0.17021875 0.12809375
49 0.8103515625 0.205359375 0.023390625 0.028437499999999998
49 0.7983125 0.218296875 0.025 0.0225
49 0.8035937499999999 0.21798437499999998 0.0219375 0.018875
49 0.7958203125 0.22930468750000002 0.015703125000000002 0.018609375
50 0.3038125 0.183953125 0.01653125 0.025093749999999998
50 0.311921875 0.1676015625 0.018312500000000002 0.023734375
50 0.32103125 0.177984375 0.01853125 0.036875000000000005
50 0.3567265625 0.16005468750000001 0.014609374999999999 0.023953125
78 0.9578671875 0.23224218749999997 0.083734375 0.086640625
81 0.6210546875 0.23424218749999998 0.18751562500000002 0.025390625
82 0.02190625 0.47696875 0.0438125 0.52246875
85 0.913078125 0.20932031250000002 0.0159375 0.007640625
86 0.6792812500000001 0.1966171875 0.02790625 0.056703125
62 0.931640625 0.6347734375 0.13671875 0.208984375
49 0.80490625 0.2130234375 0.01921875 0.017359375
49 0.8040781250000001 0.2079609375 0.02578125 0.026171875
