51 0.5 0.32834375 1.0 0.6566875
56 0.469515625 0.5565390625 0.2029375 0.145484375
56 0.31559375 0.379390625 0.137125 0.11690624999999999
56 0.6679765625 0.36507812500000003 0.26154687499999996 0.17228125
56 0.1609765625 0.44834375000000004 0.321953125 0.23396875
56 0.6235859375 0.5591796875 0.216984375 0.216015625
56 0.8584921875 0.468828125 0.283015625 0.2924375
57 0.1668515625 0.3438203125 0.15126562500000001 0.173109375
57 0.8574765625 0.26546875000000003 0.236484375 0.186375
57 0.57378125 0.243328125 0.171125 0.13815625
57 0.22509375 0.5727421875 0.4501875 0.188890625
57 0.7885234374999999 0.45613281250000004 0.28717187499999997 0.182421875
57 0.43798437500000004 0.33595312499999996 0.1726875 0.14756249999999999
57 0.5361015625 0.1718984375 0.149140625 0.164828125
57 0.184765625 0.24282031249999997 0.17896875 0.104671875
56 0.3148515625 0.16904687499999999 0.275859375 0.1124375
57 0.394390625 0.4605546875 0.19953125 0.130296875
57 0.7231796875 0.2496171875 0.146984375 0.125609375
57 0.66459375 0.15596875 0.17503125 0.114375
56 0.54821875 0.47515625 0.1130625 0.168625
56 0.42744531249999995 0.06639062500000001 0.133078125 0.1254375
