52 0.798828125 0.396578125 0.29021875 0.26628124999999997
52 0.9055624999999999 0.336921875 0.188875 0.20690624999999999
52 0.797484375 0.5 0.3359375 0.20878125
52 0.6255859374999999 0.590265625 0.193078125 0.13815625
52 0.6122421875 0.36184375 0.197796875 0.3469375
52 0.9805859375 0.2846328125 0.038828125000000005 0.176296875
52 0.78021875 0.449765625 0.43956249999999997 0.41915625
52 0.7725546875 0.277859375 0.082234375 0.11937500000000001
52 0.9153203125 0.3508359375 0.088453125 0.047984375
53 0.29937500000000006 0.2352890625 0.16312500000000002 0.144671875
53 0.2081171875 0.40421875000000007 0.416234375 0.30203125000000003
53 0.03440625 0.43621875 0.0688125 0.12865625
53 0.0514453125 0.5241171875 0.101609375 0.07620312500000001
