5 0.4844843750000001 0.2876640625 0.5662812500000001 0.250421875
5 0.2338515625 0.18865625 0.24270312500000002 0.0834375
1 0.6974453125 0.421265625 0.029703125000000004 0.07765625000000001
1 0.053945312499999995 0.27037500000000003 0.026453125 0.015375
5 0.37284375 0.2016796875 0.10931249999999999 0.044328125
8 0.7183984375 0.22853125 0.083265625 0.026937499999999996
8 0.4046796875 0.4087734375 0.092421875 0.101765625
8 0.11502343749999999 0.4165078125 0.164328125 0.07710937500000001
8 0.6026875 0.22342968749999997 0.0241875 0.011203125
5 0.21831250000000002 0.182640625 0.26609375 0.05221875
5 0.3578359375 0.18157031250000003 0.043171875 0.018140625
5 0.38782812499999997 0.18671875 0.0116875 0.0073437500000000005
