85 0.8509765625 0.0795078125 0.049078125 0.048203125
67 0.48455468749999997 0.5849453125 0.315171875 0.313484375
47 0.37929687500000003 0.3762890625 0.01075 0.019328124999999998
47 0.34481249999999997 0.374921875 0.012625 0.018625
47 0.36420312499999996 0.37932031250000003 0.0134375 0.018421874999999997
49 0.1154140625 0.141265625 0.007953125 0.051500000000000004
49 0.1341328125 0.146359375 0.007046874999999999 0.05553125
49 0.036984375 0.121703125 0.007656250000000001 0.08121874999999999
49 0.0283359375 0.1223046875 0.010546875 0.08154687499999999
49 0.0191875 0.1294375 0.01065625 0.06778125
49 0.003390625 0.113078125 0.00659375 0.0641875
51 0.6084296875 0.176125 0.060671875 0.06909375
51 0.2425078125 0.35786718749999996 0.095515625 0.031546875
79 0.64859375 0.46776562499999996 0.17309375 0.09640625
79 0.675765625 0.553078125 0.121125 0.11615625
86 0.0310078125 0.24541406249999997 0.044171875 0.042453125
44 0.5160234375000001 0.3335859375 0.008671874999999999 0.025390625
44 0.5003125 0.333359375 0.01221875 0.025656250000000002
44 0.4913125 0.33478125 0.0081875 0.02278125
50 0.1081328125 0.200609375 0.012921875 0.0581875
51 0.1857109375 0.3673125 0.109390625 0.04065625
82 0.0556171875 0.45253125 0.111234375 0.35562499999999997
17 0.4543515625 0.4633203125 0.150890625 0.063421875
44 0.4801171875 0.3252109375 0.015671875 0.041640625
44 0.5319765625 0.2578046875 0.010828125 0.053703125
44 0.49296093750000003 0.25963281250000003 0.010234375 0.044796875
44 0.5243046875 0.3340234375 0.010734375 0.024390625
44 0.5392656250000001 0.382078125 0.01178125 0.01609375
44 0.7730156249999999 0.4902421874999999 0.02328125 0.059515625
44 0.433875 0.378328125 0.0072499999999999995 0.0221875
44 0.5417187499999999 0.26149218750000003 0.00953125 0.044984375
44 0.3978515625 0.381203125 0.015265625 0.01678125
44 0.509578125 0.2553984375 0.023625 0.056734375000000004
49 0.0158984375 0.11274218750000001 0.013109375000000001 0.06023437499999999
51 0.4633515625 0.6255 0.155515625 0.11053125
51 0.3836953125 0.25252343749999995 0.039859375 0.011453125
51 0.2887265625 0.2379921875 0.027171875 0.007640625
44 0.46484375 0.26015625 0.1734375 0.2796875
