37 0.5278125 0.40921093750000004 0.0175625 0.015515625
39 0.2645078125 0.37821875000000005 0.035203125 0.1369375
40 0.5811015624999999 0.55759375 0.054296875 0.05128125
1 0.22802343749999998 0.532078125 0.145015625 0.38184375
1 0.59928125 0.170015625 0.11940625 0.08078125
62 0.341203125 0.0884609375 0.09784375 0.05632812499999999
62 0.47717968750000006 0.0912734375 0.095203125 0.058765625
62 0.6566484375 0.14775 0.095421875 0.06209375
62 0.296421875 0.18415625 0.05040625 0.040031250000000004
62 0.5853203125 0.09015625 0.088609375 0.052593749999999995
62 0.466171875 0.031335937499999994 0.09821875 0.061734374999999994
62 0.48689062499999997 0.18614843749999999 0.10109375000000001 0.043140625
62 0.400109375 0.18085156249999998 0.05653125 0.038546875
62 0.629421875 0.0583671875 0.09181249999999999 0.085515625
1 0.361734375 0.16309374999999998 0.102375 0.079
1 0.1468671875 0.1533359375 0.106078125 0.082109375
1 0.4204921875 0.14025781249999997 0.08985937499999999 0.12532812499999998
1 0.5292109375 0.49820312499999997 0.107421875 0.363
1 0.47190625 0.17809375 0.07865625000000001 0.0561875
1 0.5226640625 0.13621875 0.115578125 0.1255
1 0.7505859375 0.1950625 0.039453125 0.029625000000000002
62 0.707421875 0.1903984375 0.10059375 0.046515625
62 0.66059375 0.09215625 0.0523125 0.04940625
62 0.3354140625 0.13416406250000001 0.042796875 0.056609374999999997
1 0.1975 0.1164140625 0.050249999999999996 0.086734375
1 0.2915859375 0.1192734375 0.08545312499999999 0.129484375
1 0.7245234375 0.0387109375 0.089578125 0.076265625
62 0.20116406250000002 0.1134375 0.096390625 0.01821875
1 0.2398515625 0.15742187500000002 0.086109375 0.07921875
62 0.47578125 0.0875 0.5859375 0.175
1 0.5953125 0.53828125 0.2125 0.3796875
