14 0.540359375 0.209640625 0.1255625 0.27578125
1 0.318390625 0.5720078125 0.33184375 0.466359375
1 0.2865390625 0.1158125 0.079328125 0.20659375
1 0.23765624999999999 0.08857812500000001 0.03875 0.11068750000000001
3 0.6019687499999999 0.22696875 0.2960625 0.4539375
1 0.430609375 0.10450000000000001 0.05825 0.10968750000000001
1 0.33583593749999996 0.07721875 0.021453125 0.05428125
3 0.4646015625 0.1526015625 0.046984375 0.116390625
14 0.38489062500000004 0.0963203125 0.02665625 0.059203125
31 0.2996171875 0.0850703125 0.055765625 0.087703125
1 0.30982812499999995 0.06939843750000001 0.0213125 0.041328125
3 0.38865625000000004 0.06809375 0.02275 0.01634375
3 0.46541406250000006 0.0838671875 0.06448437500000001 0.103171875
31 0.24475 0.06852343749999999 0.010374999999999999 0.030296875
31 0.34530468750000004 0.0758203125 0.012171875 0.016515625
8 0.5983750000000001 0.24246093750000003 0.30325 0.48492187500000006
