18 0.604546875 0.5 0.6 0.45453124999999994
65 0.50140625 0.48834374999999997 0.9960625000000001 0.5106875
84 0.4961015625 0.2378359375 0.027109375 0.09439062499999999
84 0.47283593749999997 0.2439765625 0.023359374999999998 0.091734375
84 0.375921875 0.25659375 0.0398125 0.11875
84 0.434421875 0.2399296875 0.04790625 0.109359375
84 0.388578125 0.25209375 0.03940625 0.11612499999999999
84 0.5895 0.207515625 0.04715625 0.12137500000000001
77 0.241515625 0.0233828125 0.05646875 0.041046875
84 0.403046875 0.24937499999999999 0.0330625 0.11540625
84 0.427640625 0.24355468749999998 0.036875000000000005 0.113171875
84 0.52396875 0.22370312499999997 0.02584375 0.11521875
84 0.5721875000000001 0.2120859375 0.04475 0.11957812500000001
84 0.514046875 0.2325859375 0.030343750000000003 0.104484375
84 0.6098671875 0.20568750000000002 0.051953125 0.13971875
65 0.4626640625 0.1665625 0.909734375 0.32921875
84 0.6501015625000001 0.21267187499999998 0.033109375 0.15137499999999998
84 0.453125 0.25703125000000004 0.23125 0.1609375
