37 0.47311718750000004 0.5872890625 0.015265625 0.014984375
37 0.368 0.5939062500000001 0.01490625 0.015437500000000002
37 0.22495312499999998 0.627078125 0.0175625 0.0163125
37 0.5786484375 0.44839062500000004 0.010921875000000001 0.01109375
1 0.4311640625 0.4024375 0.072140625 0.234125
1 0.22424218750000002 0.38370312500000003 0.044109375 0.0959375
1 0.49371875 0.37108593749999996 0.029843750000000002 0.077421875
1 0.6913671875 0.3728515625 0.033453125 0.065109375
1 0.3410390625 0.3718046875 0.011328125 0.038546875
43 0.457078125 0.452625 0.04925 0.06546874999999999
43 0.2440703125 0.370609375 0.031453125 0.02175
1 0.9887265625 0.5142109374999999 0.022546875 0.293828125
37 0.24305468749999998 0.40250781249999995 0.004140625 0.004390625
37 0.0868203125 0.42996093750000003 0.006453125 0.005078125
28 0.724140625 0.3352421875 0.061312500000000006 0.018578125
28 0.65815625 0.335390625 0.05425 0.01815625
28 0.61759375 0.33825 0.04828125 0.016718749999999998
28 0.397015625 0.34845312500000003 0.0304375 0.0199375
37 0.5313125 0.3917890625 0.0043749999999999995 0.0037968750000000003
43 0.4750468749999999 0.382625 0.00996875 0.012968750000000001
