1 0.3223515625 0.32864062499999996 0.584734375 0.6521874999999999
41 0.23014843750000002 0.61575 0.100453125 0.08096875
1 0.5618046874999999 0.612703125 0.068109375 0.10393749999999999
1 0.28571875 0.585140625 0.07525 0.16409374999999998
1 0.40249218750000004 0.6000234374999999 0.058140625 0.134328125
1 0.1394296875 0.5745312499999999 0.170921875 0.1574375
1 0.10935937500000001 0.646671875 0.065375 0.041031250000000005
1 0.835375 0.6252421875 0.088625 0.083890625
1 0.8880390625 0.626234375 0.061734374999999994 0.08190625
1 0.03975 0.6129218750000001 0.0795 0.10853125
1 0.62725 0.6270078125 0.0636875 0.080359375
1 0.7592578125 0.6013671875 0.092078125 0.131640625
1 0.35883593750000004 0.6281328125 0.034578125 0.07810937500000001
1 0.9524999999999999 0.62959375 0.07215625 0.07315625
1 0.18359375 0.6390625 0.0421875 0.01875
