20 0.5881875 0.529109375 0.05059375000000001 0.04353125
20 0.41150781249999996 0.5206640625 0.032453125 0.041890625
20 0.8539453125 0.5069453125 0.043953124999999996 0.039796874999999995
20 0.7782265624999999 0.5653281250000001 0.053234375 0.05
21 0.2830859375 0.5565859375 0.094484375 0.055109375
16 0.5481015625000001 0.5108984375 0.05014062500000001 0.025484374999999997
16 0.28402343750000003 0.5106875 0.022328124999999997 0.038125
20 0.144609375 0.516859375 0.03765625 0.04040625
20 0.280078125 0.5542109375 0.10003124999999999 0.060578125000000003
20 0.32237499999999997 0.4971875 0.025937500000000002 0.02878125
20 0.9812187499999999 0.4957421875 0.017812500000000002 0.030515625
20 0.8343437499999999 0.5282734375 0.0735625 0.045203125
20 0.6097578125 0.5279453125 0.046046875 0.039421875
20 0.28435937499999997 0.4962734375 0.054656249999999997 0.032640625
21 0.9805078125 0.49584374999999997 0.021859375 0.0296875
