82 0.737328125 0.37415625 0.09290625 0.23650000000000002
44 0.655953125 0.3495078125 0.01740625 0.047171875
44 0.5170703125 0.354453125 0.006578125 0.02296875
44 0.4973359375 0.353703125 0.009109375 0.028000000000000004
62 0.441921875 0.6233671875000001 0.18271874999999999 0.253265625
62 0.3135 0.6098984375000001 0.23340624999999998 0.280203125
62 0.6155546875000001 0.5218671875 0.156359375 0.296828125
47 0.46584375 0.35910937499999995 0.01075 0.0223125
78 0.650609375 0.27133593749999996 0.06784375000000001 0.048421874999999996
81 0.42846875 0.35364062500000004 0.06340625 0.011625
44 0.5065234375 0.35107812499999996 0.015328125000000001 0.0483125
44 0.58953125 0.35667187499999997 0.02803125 0.0365
47 0.6296249999999999 0.3566796875 0.0168125 0.029203125000000003
44 0.41780468749999994 0.34223437500000004 0.006640625 0.0204375
