64 0.9257187499999999 0.531140625 0.06103125 0.09928125
62 0.16228125 0.5724140625 0.07978125 0.140921875
67 0.066125 0.716328125 0.13153125000000002 0.13259375
50 0.45304687499999996 0.5081171875 0.0193125 0.026578125
50 0.49101562499999996 0.5052578125 0.0288125 0.036859375
51 0.497234375 0.5665390625000001 0.074125 0.029546875
55 0.5214296875 0.5497109374999999 0.016765625 0.017140625
55 0.49459374999999994 0.5394687499999999 0.01 0.0119375
81 0.791453125 0.5829765625 0.30125 0.038734375
84 0.0292578125 0.3886640625 0.006296875 0.033609375000000004
84 0.0715390625 0.4443125 0.030765625 0.03646875
84 0.0704140625 0.492359375 0.042859375 0.05225
52 0.47725000000000006 0.54625 0.020374999999999997 0.0278125
67 0.2061796875 0.577765625 0.138421875 0.12184375
84 0.01225 0.38537499999999997 0.00925 0.033937499999999995
84 0.08172656249999999 0.3888828125 0.008828125000000001 0.034140625
84 0.0555078125 0.3864921875 0.051453125 0.038296875
84 0.021375 0.388625 0.01103125 0.03378125
50 0.4589921875 0.501859375 0.024640625 0.04378125
62 0.2642109375 0.5747578125 0.08351562500000001 0.14254687500000002
84 0.0196328125 0.43599999999999994 0.0037968750000000003 0.01903125
84 0.045359375 0.4560703125 0.027218750000000003 0.002859375
84 0.07417187500000001 0.5451875 0.012562499999999999 0.033218750000000005
48 0.9214296875000001 0.50928125 0.027640625000000002 0.04284375
