64 0.2956796875 0.3002578125 0.11851562499999999 0.230734375
44 0.22917187500000002 0.596953125 0.02684375 0.11409375
62 0.25591406250000004 0.8437265625 0.270953125 0.290328125
62 0.0600859375 0.612875 0.115890625 0.07725
62 0.43871093749999995 0.8066953125 0.154828125 0.356984375
67 0.24773437500000003 0.794328125 0.49431250000000004 0.4110625
44 0.533109375 0.43573437500000006 0.016875 0.03853125
44 0.552546875 0.43834375 0.01771875 0.024906249999999998
47 0.192796875 0.6348046875000001 0.0374375 0.056796875000000004
49 0.6855859375 0.446625 0.031046875 0.03896875
50 0.6726640625 0.410125 0.026046875000000004 0.08765625
44 0.2225078125 0.5826640625 0.014734375 0.064640625
46 0.060765625000000004 0.34351562500000005 0.018875 0.05796875
46 0.043296875 0.34536718749999995 0.01890625 0.056703125
47 0.347328125 0.651484375 0.03284375 0.04146875
47 0.06123437500000001 0.442046875 0.01984375 0.03053125
47 0.036453125 0.441796875 0.01146875 0.029312500000000002
51 0.698171875 0.5018671874999999 0.0475625 0.030234375
51 0.0393515625 0.5207421875 0.077078125 0.053640625
46 0.020203125000000002 0.343953125 0.0174375 0.05921875
46 0.0047734375 0.34517968749999994 0.009234375 0.057046875
46 0.0316796875 0.3443046875 0.011140625 0.058265625
46 0.011257812499999999 0.3446015625 0.007484375 0.057265625
62 0.10721875000000002 0.5761015625 0.12606250000000002 0.09473437500000001
47 0.0182890625 0.4445625 0.020234375 0.0268125
47 0.0465234375 0.44140624999999994 0.010703124999999999 0.02434375
