44 0.7588671874999999 0.27903124999999995 0.014515624999999999 0.048375
44 0.7336796875 0.2799921875 0.018109375 0.054859375
44 0.752203125 0.27946875 0.0195625 0.056843750000000005
44 0.7707968749999999 0.2788671875 0.0194375 0.059890624999999996
44 0.80609375 0.27917187499999996 0.016843749999999998 0.0575625
44 0.8385703125 0.277890625 0.021265625 0.05725
44 0.84646875 0.27611718749999997 0.0166875 0.057890624999999994
2 0.5766875 0.54378125 0.10609375000000001 0.24490625000000002
4 0.125890625 0.41753125 0.171625 0.264125
1 0.29934375 0.267984375 0.048875 0.1055
1 0.38890624999999995 0.2391796875 0.07728125 0.073453125
1 0.026851562500000002 0.315984375 0.023765625000000002 0.12181249999999999
44 0.7009296875 0.28378125 0.018609375 0.0495
51 0.072203125 0.31475 0.021124999999999998 0.016968749999999998
53 0.501125 0.2479375 0.01225 0.01153125
53 0.48676562500000004 0.2493046875 0.045187500000000005 0.020421875
33 0.9329921874999999 0.4531875 0.08317187499999999 0.0935625
44 0.8205 0.2839140625 0.015375 0.056921875
44 0.7179375 0.2797734375 0.019875 0.056359375
44 0.5510781250000001 0.2866015625 0.02634375 0.042640625
1 0.43707031249999995 0.22980468750000002 0.019015625 0.029765625
44 0.7873281249999999 0.2783203125 0.01896875 0.056234375
53 0.52684375 0.25428124999999996 0.01484375 0.0093125
53 0.41166406250000004 0.2659609375 0.008078125 0.0064218750000000005
53 0.4270078125 0.2671015625 0.058421875 0.025296875000000003
53 0.5635625000000001 0.2551640625 0.06315625 0.023109374999999998
53 0.43518749999999995 0.2850703125 0.0296875 0.019546875
53 0.43759375000000006 0.25039062500000003 0.035625000000000004 0.0145625
55 0.544328125 0.24903125 0.007875 0.006875000000000001
55 0.5589296875 0.2490859375 0.006984374999999999 0.007921875
55 0.578078125 0.25414843750000005 0.00971875 0.009515625
55 0.42896875000000007 0.2732890625 0.00721875 0.008046875
55 0.4341796875 0.275046875 0.007421875 0.00565625
44 0.5731171875000001 0.28192187500000004 0.011734375 0.0404375
53 0.42724999999999996 0.267703125 0.058562499999999997 0.02434375
1 0.7519218750000001 0.21576562500000002 0.07828125 0.10221875
1 0.8807421875 0.26084375 0.070859375 0.132125
21 0.46071093750000003 0.48701562499999995 0.5396093750000001 0.49090625
44 0.509375 0.2890625 0.065625 0.05
