9 0.26921875 0.4345859375000001 0.04321875 0.010078125
9 0.23528125 0.35527343749999996 0.031 0.042828125
9 0.2964140625 0.3648046875 0.056671875000000003 0.06832812499999999
9 0.33609375 0.3876015625 0.032 0.057609375
9 0.11981250000000002 0.3781484375 0.03925 0.026546874999999998
15 0.5175390625 0.5391250000000001 0.148015625 0.06428125
15 0.2044921875 0.55784375 0.159046875 0.07803125
15 0.8688203125 0.5403515624999999 0.150171875 0.065234375
15 0.3056796875 0.489890625 0.038296875 0.016718749999999998
9 0.438734375 0.3894765625 0.02678125 0.010328125
9 0.23714062500000002 0.3399140625 0.025500000000000002 0.049953125
9 0.2013671875 0.3885625 0.048265625 0.04921875
9 0.13518750000000002 0.3755390625 0.026500000000000003 0.009515625
