2 0.0802578125 0.6385468750000001 0.160046875 0.29803125
3 0.635375 0.3495390625 0.09840625 0.039703125
3 0.5775859375 0.35228125 0.033984375 0.026687499999999996
3 0.1148203125 0.3936328125 0.043828125 0.076953125
1 0.32471875 0.52359375 0.31684375 0.60675
1 0.058234375000000005 0.5149140625 0.1074375 0.395078125
1 0.0715859375 0.344734375 0.093953125 0.15659375
2 0.1750234375 0.442859375 0.021703125 0.04896875
8 0.6937109375000001 0.35400781249999996 0.028296875 0.028109375
10 0.3858984375 0.2984921875 0.0062656249999999995 0.016140625
10 0.37095312499999994 0.29916406249999994 0.0076875 0.016359375000000002
31 0.2995 0.5656875 0.048375 0.07953125
