1 0.3346328125 0.36746093750000003 0.32023437499999996 0.5171718750000001
1 0.19909375 0.38940624999999995 0.1985625 0.40824999999999995
1 0.6597578125 0.5227109375 0.058328124999999995 0.16889062500000002
1 0.5193046875 0.469078125 0.037171875 0.061968749999999996
1 0.5717265625 0.4205703125 0.034265625 0.042359375
1 0.9278515624999999 0.4090390625 0.036828125 0.118484375
1 0.77303125 0.55109375 0.067 0.11415625
1 0.8187890625 0.49346093750000003 0.041296875 0.061015625
1 0.8686953125 0.414640625 0.029328125 0.09340625
1 0.4006015625 0.5505703125000001 0.044140625 0.10804687500000001
1 0.9491796875 0.554546875 0.082734375 0.10618749999999999
35 0.16940624999999998 0.5656874999999999 0.12096875 0.0673125
1 0.756421875 0.42957031250000005 0.0229375 0.097265625
1 0.7854453125 0.435671875 0.041015625 0.06746875
35 0.3011796875 0.6151953124999999 0.299578125 0.068203125
1 0.5 0.48046875 0.996875 0.3078125
