67 0.37977343750000003 0.5157343750000001 0.737078125 0.91909375
48 0.3752109375 0.5564609375 0.749578125 0.147265625
50 0.25672656250000003 0.40828906249999997 0.459640625 0.076234375
48 0.102296875 0.2963984375 0.20459375 0.032921875
50 0.467078125 0.33796875 0.4555625 0.05065625
50 0.2781953125 0.265953125 0.335703125 0.03540625
50 0.4074765625 0.30450781250000003 0.340796875 0.044859375
50 0.22232812500000002 0.238453125 0.3200625 0.0239375
50 0.344375 0.22274218750000002 0.38190625 0.041015625
50 0.19835156250000002 0.180140625 0.316140625 0.0765625
50 0.5339140625 0.11378125 0.287703125 0.02659375
50 0.46684375 0.512953125 0.5663125 0.10565625000000001
50 0.31603906249999997 0.3857734375 0.554984375 0.064296875
50 0.49573437499999995 0.2589921875 0.24181249999999999 0.029421874999999997
50 0.167875 0.17078125000000002 0.164625 0.027718749999999997
