15 0.7955 0.09690625 0.39775 0.1938125
23 0.6440312499999999 0.6278906249999999 0.10049999999999999 0.128375
23 0.740453125 0.5729375000000001 0.09046875 0.093625
23 0.9082109375 0.501 0.079453125 0.1103125
23 0.528234375 0.55909375 0.1268125 0.11809375
23 0.409921875 0.470125 0.09728125 0.13790625
23 0.32128125 0.4761953125 0.13018749999999998 0.110984375
23 0.46960937499999994 0.40687500000000004 0.11453125 0.13009375
23 0.5495859375 0.3143828125 0.11767187500000001 0.083890625
23 0.3343203125 0.274578125 0.049890625 0.10421875
23 0.583171875 0.695109375 0.15640625 0.10978125000000001
