21 0.6000000000000001 0.4483125 0.2528125 0.24943749999999998
21 0.39704687499999997 0.25608593749999997 0.05728124999999999 0.068484375
21 0.3512265625 0.255375 0.031390625 0.0223125
21 0.251453125 0.249609375 0.07390624999999999 0.03528125
21 0.6708125 0.26905468749999994 0.06787499999999999 0.030546875
21 0.4408671875 0.4521484375 0.203703125 0.24126562499999998
21 0.4459765625 0.26280468749999997 0.043734375 0.024890625
21 0.7915781249999999 0.240796875 0.0684375 0.02165625
21 0.9843984375 0.266875 0.031203124999999998 0.026500000000000003
21 0.28876562499999997 0.26785937499999996 0.0763125 0.026500000000000003
21 0.208640625 0.2698828125 0.05878124999999999 0.024234375
21 0.1539921875 0.25303125000000004 0.060671875 0.03959375
21 0.59615625 0.243140625 0.06103125 0.03340625
21 0.71953125 0.36875 0.5234375 0.321875
