16 0.221859375 0.5259218750000001 0.03365625 0.017125
67 0.95509375 0.3907265625 0.07340624999999999 0.006671874999999999
16 0.6398671874999999 0.50825 0.023796875000000002 0.0129375
16 0.81040625 0.5000703125 0.031 0.017296875
28 0.45132812499999997 0.268390625 0.1665625 0.05134375
28 0.2492421875 0.3079140625 0.18101562499999999 0.144421875
28 0.6252109375 0.278875 0.18292187499999998 0.06596874999999999
62 0.18346875 0.4229296875 0.02421875 0.079703125
62 0.505734375 0.42534374999999996 0.04234375 0.050937500000000004
62 0.3944609375 0.41684374999999996 0.045453125 0.076125
67 0.263125 0.38832031249999993 0.07946875 0.026984374999999998
16 0.9679453124999999 0.5173203125 0.031609375 0.017359375
62 0.904203125 0.41784375 0.06684375000000001 0.051125
67 0.451015625 0.409671875 0.080875 0.06834375000000001
1 0.0922578125 0.3173046875 0.047640625 0.026109375
1 0.21591406249999998 0.401625 0.062859375 0.11625
1 0.3154765625 0.39922656250000005 0.068171875 0.11470312499999999
1 0.40042187500000004 0.4007109375 0.06153125 0.10423437499999999
16 0.5022578125 0.508203125 0.042453125 0.012656249999999999
28 0.939171875 0.284015625 0.12162500000000001 0.0418125
62 0.70753125 0.4058046875 0.02328125 0.042609375
64 0.600046875 0.0814140625 0.04653125 0.034609375
64 0.3969296875 0.065859375 0.044953125 0.033875
64 0.233203125 0.14321875 0.07328124999999999 0.07728125
64 0.5306093749999999 0.15921093749999998 0.062343749999999996 0.06889062500000001
64 0.7843828125 0.16784375 0.029609375 0.06946875
1 0.55121875 0.39787500000000003 0.03375 0.104375
1 0.5742421875 0.4027734375 0.051546875000000006 0.100953125
1 0.6260234375 0.4044296875 0.033890625 0.101640625
1 0.7389843749999999 0.4028828125 0.058062499999999996 0.109640625
1 0.0755546875 0.34892968750000003 0.059515625 0.070265625
1 0.4223828125 0.36580468749999995 0.034640625 0.030796875
1 0.5117734375 0.371203125 0.044140625 0.0473125
1 0.6564843750000001 0.401671875 0.054656249999999997 0.10471875
16 0.022890625 0.5496640625000001 0.04578125 0.020296875
28 0.030328125 0.259078125 0.0571875 0.0433125
62 0.8928125 0.41257812499999996 0.0414375 0.017656250000000002
62 0.037320312499999994 0.4277578125 0.026078125 0.081453125
62 0.3545859375 0.4108984375 0.034953125 0.026890625
62 0.6717421874999999 0.411578125 0.046015625 0.02765625
62 0.8086171875 0.4175703125 0.035421875000000005 0.066703125
62 0.9865703124999998 0.41406249999999994 0.026859375 0.062375
62 0.5558515624999999 0.415640625 0.060109375 0.0219375
67 0.60134375 0.38909374999999996 0.02975 0.008624999999999999
67 0.8133984375 0.4159609375 0.126734375 0.06789062500000001
1 0.02271875 0.40259375 0.04478125 0.12037500000000001
28 0.3807734375 0.288140625 0.132203125 0.033187499999999995
28 0.524828125 0.2915078125 0.1254375 0.032171875
28 0.76971875 0.280171875 0.1574375 0.04425
28 0.8894609375 0.300609375 0.102265625 0.033625
67 0.0075625 0.404203125 0.015125 0.017937500000000002
62 0.06015625 0.37265624999999997 0.0421875 0.0203125
1 0.66015625 0.38671875 0.6671875 0.1296875
