67 0.487078125 0.5165703125000001 0.9707812499999999 0.439890625
1 0.44999999999999996 0.22699999999999998 0.304 0.362
1 0.15323437499999998 0.2465078125 0.30265624999999996 0.475890625
1 0.898609375 0.5465859375 0.20278125 0.406828125
48 0.539796875 0.37189843749999996 0.113375 0.052171875
51 0.37978125 0.424046875 0.08859375 0.0703125
51 0.43553906249999996 0.6970234375 0.158078125 0.085765625
59 0.736515625 0.401453125 0.205625 0.08259375
59 0.5415703125 0.4858359375 0.220359375 0.151734375
59 0.21617187499999999 0.598234375 0.3370625 0.225875
48 0.851875 0.452953125 0.062281249999999996 0.1014375
48 0.8531953124999999 0.31442187499999996 0.074953125 0.1124375
1 0.9050703125 0.17559375 0.189453125 0.3511875
47 0.530609375 0.628640625 0.11671875000000001 0.1498125
47 0.706890625 0.5681562499999999 0.13446875 0.24484374999999997
47 0.701234375 0.26873437499999997 0.06471875 0.09875
47 0.06915625 0.4032421875 0.12662500000000002 0.187015625
47 0.9768671875 0.34585937499999997 0.046265625 0.11696875
47 0.43500781250000004 0.7059531250000001 0.135765625 0.08809375
