77 0.4059609375 0.34138281249999997 0.046015625 0.036078125
77 0.2618125 0.1970546875 0.02909375 0.010203125
1 0.480984375 0.5494296875 0.1834375 0.762859375
1 0.3227109375 0.28437500000000004 0.146171875 0.44675000000000004
1 0.28304687500000003 0.1285 0.08484375 0.17115625
1 0.5975312500000001 0.2132265625 0.14125000000000001 0.325109375
1 0.22869531249999997 0.2329453125 0.07573437499999999 0.294546875
1 0.229578125 0.2125078125 0.07825 0.339421875
31 0.2727265625 0.2818203125 0.045078125000000004 0.082421875
33 0.378625 0.8054218750000001 0.11868749999999999 0.24540625
31 0.427390625 0.43908593749999997 0.05709375 0.081078125
1 0.395921875 0.21439843749999998 0.06218749999999999 0.214515625
1 0.6358906249999999 0.45432031250000005 0.10634375 0.548140625
31 0.025921875 0.29307031250000004 0.0415625 0.140265625
1 0.062007812499999995 0.22296875 0.119171875 0.3154375
