44 0.5855625 0.2045859375 0.03384375 0.126234375
44 0.549890625 0.2006875 0.03421875 0.13453125
44 0.5169453125 0.20171875 0.040078125 0.12334375
82 0.9438359375 0.330625 0.112328125 0.65825
1 0.06444531249999999 0.3148515625 0.12889062499999998 0.198046875
49 0.4606171875 0.19544531250000002 0.021796875 0.069015625
49 0.475359375 0.21190625000000002 0.01596875 0.0315
49 0.48385156249999994 0.18822656250000003 0.014921875000000001 0.054203125
79 0.176578125 0.411015625 0.35315625 0.5004375
81 0.7501328125 0.2958203125 0.282109375 0.062578125
49 0.49092968750000004 0.21275781250000003 0.015515625 0.030859375
49 0.4704765625 0.206296875 0.012953125 0.0311875
49 0.49203125000000003 0.2011484375 0.012562499999999999 0.021203125
44 0.9113671875 0.27235156250000003 0.045890625000000004 0.128703125
49 0.4761328125 0.232328125 0.023953125 0.0244375
