7 0.285390625 0.31067187500000004 0.5483125 0.59325
1 0.47255468749999996 0.42125 0.067765625 0.17353125
1 0.6017890625000001 0.43671875 0.052796875 0.1528125
1 0.573171875 0.46701562500000005 0.03428125 0.097375
1 0.5295781250000001 0.402859375 0.039125 0.054781250000000004
1 0.5804765624999999 0.397875 0.028078125 0.07875
1 0.55478125 0.425515625 0.03790625 0.1028125
1 0.6263906250000001 0.4096640625 0.02884375 0.048453125
10 0.6694140624999999 0.30755468750000003 0.010828125 0.021390625
10 0.6691171875 0.2677578125 0.011765625 0.019609375000000002
33 0.543890625 0.4511406250000001 0.02078125 0.033625
33 0.6371484375 0.458609375 0.008921875 0.0370625
1 0.5535703125 0.3814609375 0.018203125 0.024609375
