65 0.3981796875 0.3246640625 0.382296875 0.21173437499999997
84 0.06675 0.44963281250000003 0.0704375 0.048109374999999996
84 0.06678125 0.46753124999999995 0.07590625 0.04121875
84 0.11483593749999998 0.21850000000000003 0.056421874999999996 0.014875
84 0.1114609375 0.207421875 0.050578124999999995 0.028375
84 0.1712421875 0.19546875 0.053921874999999994 0.026125
86 0.2892578125 0.17432812500000003 0.016296875 0.05384375
86 0.3105078125 0.17646875 0.012734375000000001 0.050562499999999996
86 0.31694531249999996 0.15937500000000002 0.015390625 0.054906250000000004
72 0.041078125 0.3892890625 0.05028125 0.073890625
86 0.2984921875 0.16888281249999998 0.015484375 0.052265625
84 0.1711484375 0.20446875 0.052046875000000006 0.01515625
