72 0.17867187499999998 0.20625781249999997 0.136625 0.14976562499999999
62 0.5413515624999999 0.2981484375 0.197859375 0.226953125
63 0.736203125 0.4966875 0.09009375 0.1785
1 0.5814140625 0.43479687499999997 0.21776562500000002 0.22540624999999997
1 0.526890625 0.2565234375 0.18943749999999998 0.246203125
1 0.6243984375 0.31256249999999997 0.134953125 0.20024999999999998
62 0.1107421875 0.2890234375 0.191453125 0.08154687499999999
85 0.1745 0.0365234375 0.04390625 0.044578125
1 0.6820703125 0.3200703125 0.12607812499999999 0.24148437500000003
84 0.5342109375 0.2765625 0.089609375 0.0363125
84 0.527046875 0.5512734375 0.14575 0.06932812499999999
1 0.1491640625 0.3078046875 0.217109375 0.250640625
1 0.26761718749999996 0.4661171875 0.18157812499999998 0.239640625
