4 0.28353124999999996 0.40115625 0.5635625 0.742625
1 0.33879687500000005 0.14042968749999998 0.04109375 0.058984375
1 0.2872421875 0.1453984375 0.027046874999999998 0.044890625
1 0.41139843750000005 0.15878124999999998 0.084828125 0.10740625
1 0.45234375 0.14403906249999998 0.0525625 0.065859375
1 0.42703906249999996 0.13389062499999999 0.010828125 0.033
1 0.5753203125 0.185078125 0.021234375 0.1896875
1 0.03271875 0.1874921875 0.0371875 0.055921874999999996
1 0.0171640625 0.21467968750000002 0.033359375000000004 0.10310937499999999
1 0.1765625 0.1584375 0.02384375 0.02409375
