44 0.085703125 0.339953125 0.04571875 0.09140625
62 0.804296875 0.142359375 0.22159374999999998 0.15965625
67 0.5 0.3983359375 1.0 0.534578125
1 0.5151875 0.110234375 0.17225 0.22046875
53 0.4720859375 0.424421875 0.082078125 0.04403125
57 0.20728125 0.5791406250000001 0.041281250000000005 0.0241875
57 0.3091171875 0.43581249999999994 0.029921874999999997 0.04284375
57 0.20360937499999998 0.5604296875 0.0351875 0.027859375
57 0.19713281249999998 0.5786171875 0.095328125 0.068359375
57 0.28058593750000005 0.440328125 0.071265625 0.0486875
61 0.3905078125 0.3486875 0.13092187500000002 0.12321875
44 0.46774218749999996 0.2634609375 0.034828125 0.078359375
47 0.057921875 0.290046875 0.06296874999999999 0.08278125
51 0.93375 0.43671875 0.09559375 0.08565625
51 0.8942109375 0.371546875 0.097765625 0.073875
52 0.7618515625 0.304 0.022640625 0.0270625
1 0.080671875 0.1162890625 0.16134375 0.232578125
47 0.0185078125 0.2750703125 0.037015625 0.079578125
51 0.549203125 0.3055234375 0.04021875 0.049359375
51 0.11033593750000001 0.2425234375 0.119890625 0.048484375
51 0.19968750000000002 0.3423203125 0.2091875 0.121015625
56 0.3072890625 0.5575546875 0.118453125 0.079484375
56 0.33214843749999995 0.59321875 0.023734375 0.0245
1 0.33194531250000003 0.112375 0.259328125 0.22475
49 0.407125 0.26571093749999997 0.14696875 0.032765625
52 0.73553125 0.28140624999999997 0.077625 0.07468749999999999
