62 0.849796875 0.0672265625 0.0515625 0.074796875
62 0.29326562500000003 0.0299609375 0.04425 0.059921875
1 0.6425078125 0.25609375 0.089609375 0.145
1 0.5548359375 0.079015625 0.060515624999999997 0.08803125
1 0.269953125 0.04825 0.0555625 0.0965
15 0.76040625 0.5190625 0.09709375 0.1265625
43 0.6890703125 0.20134375 0.027671875000000002 0.0458125
1 0.586625 0.44040625 0.07690625 0.12584375
37 0.51459375 0.31594531249999996 0.008 0.006671874999999999
37 0.5689687499999999 0.40282812500000004 0.0071874999999999994 0.0063125
62 0.619890625 0.454984375 0.0625 0.04475
62 0.5632343750000001 0.03933593750000001 0.05621875 0.06839062500000001
