11 0.464921875 0.28065625 0.37706249999999997 0.43165624999999996
1 0.1308125 0.4594609375 0.12140625000000001 0.256484375
1 0.254625 0.4445 0.03290625 0.051531249999999994
1 0.1915234375 0.5138437499999999 0.027359375000000002 0.0666875
8 0.8531093750000001 0.43946093750000004 0.29378125 0.396703125
1 0.038820312499999995 0.42655468750000003 0.036546875 0.072484375
1 0.2319375 0.46214062499999997 0.021968750000000002 0.03265625
1 0.6615312499999999 0.43172656249999997 0.034125 0.036046875
1 0.9811171875000001 0.2443046875 0.037765625000000004 0.086734375
1 0.0673046875 0.422625 0.040421875 0.0989375
1 0.882671875 0.22782812500000002 0.044656249999999995 0.032125
1 0.102765625 0.420765625 0.0345625 0.04090625
1 0.063203125 0.5013515625 0.051437500000000004 0.09957812499999999
1 0.8159375 0.2341171875 0.04684375 0.032109375
1 0.11171874999999999 0.484375 0.2203125 0.153125
