56 0.2558828125 0.38461718749999996 0.282578125 0.135015625
56 0.22578125 0.524375 0.2640625 0.15
56 0.1071015625 0.377796875 0.214203125 0.36706249999999996
56 0.5000078125 0.5471015625 0.290421875 0.135015625
56 0.553125 0.3853125 0.1875 0.1859375
56 0.759703125 0.37138281250000005 0.19624999999999998 0.176015625
51 0.5 0.373953125 1.0 0.56540625
56 0.3374921875 0.3132265625 0.262390625 0.19051562500000002
56 0.049570312500000005 0.1669296875 0.09914062500000001 0.085390625
57 0.2799921875 0.182234375 0.048828125 0.05078125
57 0.24479687499999997 0.24790625 0.0385 0.03446875
57 0.42105468749999997 0.2999921875 0.09539062499999999 0.085765625
57 0.7302421875 0.2703671875 0.163515625 0.126640625
57 0.9639765625 0.52303125 0.072046875 0.04815625
57 0.9219296875 0.3410546875 0.097078125 0.124171875
57 0.7852734375 0.4765859375 0.038765625 0.032421875
57 0.604375 0.5460703125 0.06690625 0.033984375
56 0.7393671875000001 0.543296875 0.230765625 0.10609375000000001
56 0.4028359375 0.5192421875000001 0.17289062500000002 0.160796875
