21 0.7288828125000001 0.545015625 0.062734375 0.059375
21 0.8039921875000001 0.5430937499999999 0.041453125 0.04984375
21 0.861828125 0.5355624999999999 0.070875 0.04978125
21 0.54353125 0.52715625 0.058374999999999996 0.043
21 0.20484375 0.5467343749999999 0.13134375 0.074625
21 0.043023437500000004 0.5426953125 0.082953125 0.078234375
21 0.3578828125 0.53171875 0.072859375 0.05600000000000001
21 0.451609375 0.5296484375 0.034999999999999996 0.039984375
21 0.11597656249999999 0.5380625 0.055609375 0.06153125
21 0.655296875 0.5289218749999999 0.0783125 0.046625
21 0.5107890625 0.5252421875 0.026921875 0.040953125
21 0.42605468750000003 0.5260390625 0.022421875 0.038078125000000004
21 0.1536484375 0.54065625 0.09223437500000001 0.07359375
21 0.6828125 0.53046875 0.584375 0.0578125
