27 0.07876562499999999 0.1284375 0.15753124999999998 0.256875
27 0.970171875 0.2343359375 0.05090625 0.076359375
1 0.13368750000000001 0.3508125 0.2169375 0.697875
1 0.8056171875 0.23595312499999999 0.155046875 0.47190624999999997
1 0.5477578125 0.2528125 0.138203125 0.46853125
1 0.961734375 0.27915625 0.0693125 0.226125
1 0.907671875 0.278234375 0.050093750000000006 0.16140625
1 0.7004453125000001 0.24907812499999998 0.047265625 0.15771875
1 0.648875 0.273875 0.07415625 0.22415625
1 0.42420312499999996 0.24824218750000002 0.11896875 0.33914062500000003
1 0.35378906250000003 0.277765625 0.056484374999999996 0.15625
1 0.719625 0.3 0.05228125 0.121
27 0.5527578125 0.1321171875 0.086015625 0.09273437500000001
32 0.2743984375 0.14718749999999997 0.037421875 0.146
32 0.5477890624999999 0.17905468749999998 0.042203125 0.149609375
32 0.7095859375 0.2271171875 0.012328124999999999 0.034640625
41 0.5480937499999999 0.4908515625 0.163875 0.049734375
41 0.7798515625 0.4818671875 0.180546875 0.046140625000000005
41 0.14348437500000003 0.698359375 0.24118750000000003 0.08803125
41 0.239125 0.49120312499999996 0.11056250000000001 0.03903125
41 0.34556250000000005 0.3598359375 0.03871875 0.009453125
27 0.7161484374999999 0.28632812500000004 0.030484375 0.04653125
27 0.3530859375 0.2389765625 0.032046875 0.032921875
27 0.2631875 0.0800546875 0.0975 0.060203125
41 0.41728125 0.42673437500000005 0.0835625 0.02834375
1 0.021593750000000002 0.278140625 0.035875000000000004 0.11299999999999999
32 0.33404687499999997 0.2338984375 0.04578125 0.014859375
1 0.2516015625 0.25485156249999996 0.13870312499999998 0.508203125
1 0.30888281250000005 0.2650859375 0.038609375 0.15232812499999998
41 0.8613828125 0.3456484375 0.024859375 0.066984375
41 0.0643515625 0.37403906249999996 0.036046875 0.020203125
41 0.935375 0.32296874999999997 0.028000000000000004 0.126375
41 0.60546875 0.3390625 0.6484375 0.11875
