17 0.475421875 0.44456249999999997 0.11125 0.0755625
44 0.011148437499999999 0.29153125 0.018546874999999997 0.05653125
84 0.5159843749999999 0.29172656250000006 0.00709375 0.032328125
84 0.5228359375 0.240234375 0.016890625 0.030843749999999996
84 0.3444921875 0.28250000000000003 0.007984375 0.0371875
84 0.2963515625 0.3256953125 0.008640625 0.039234375
84 0.3356328125 0.23454687500000002 0.0037656250000000003 0.03728125
84 0.383578125 0.237484375 0.0072499999999999995 0.03103125
84 0.4489765625 0.18251562500000001 0.041328125 0.029343750000000002
84 0.35865625 0.284625 0.00428125 0.03334375
84 0.30452343750000005 0.183546875 0.0038906250000000004 0.03603125
84 0.299953125 0.09453125 0.0053437499999999995 0.0241875
84 0.31068750000000006 0.09459375 0.004125 0.0235
84 0.33781249999999996 0.1874765625 0.00859375 0.029296875
84 0.5151874999999999 0.07415624999999999 0.007062499999999999 0.029187499999999998
84 0.459375 0.20546874999999998 0.375 0.3078125
