1 0.6066328125 0.207078125 0.008421874999999999 0.0243125
1 0.5138125 0.2498515625 0.00609375 0.017328125
1 0.7186484375 0.190484375 0.011296875000000001 0.022593750000000003
1 0.704484375 0.185578125 0.016875 0.03275
1 0.748328125 0.1900625 0.017374999999999998 0.029281249999999998
1 0.6829609375 0.191765625 0.014078125 0.01915625
1 0.6492421875000001 0.20090625 0.013171875 0.02240625
1 0.6357109375 0.20707031250000002 0.017328125 0.018453125
1 0.519796875 0.2466796875 0.00821875 0.017578125
1 0.6265234375000001 0.2059296875 0.007953125 0.021453125
1 0.47008593750000005 0.232515625 0.051578124999999996 0.1038125
1 0.7759453125 0.19417187500000002 0.010609375 0.0309375
1 0.5450781250000001 0.2298203125 0.010562499999999999 0.018546874999999997
35 0.46867968750000005 0.27936718749999995 0.10870312499999998 0.007453125
1 0.64609375 0.2140625 0.2484375 0.06875
