62 0.09928906250000001 0.3836796875 0.190234375 0.10985937500000001
1 0.4421328125 0.6002578125 0.382546875 0.794046875
85 0.0472890625 0.08340625 0.094578125 0.16271875
46 0.18655468749999998 0.4927421875 0.049171875 0.128359375
73 0.19053124999999999 0.4266640625 0.26215625 0.214203125
84 0.5710390625 0.1242734375 0.015296874999999998 0.086328125
84 0.5832031249999999 0.42236718749999996 0.06346874999999999 0.096765625
84 0.6333125000000001 0.42963281249999996 0.01625 0.08060937500000001
84 0.6030859375 0.4298046875 0.020859375 0.08004687499999999
84 0.618140625 0.430375 0.014656250000000001 0.0811875
84 0.6411015625 0.4325234375 0.008265625 0.076078125
84 0.6033203125 0.5528359375 0.083984375 0.113421875
84 0.5511953125000001 0.1454921875 0.027859375 0.042609375
84 0.5939375 0.426125 0.02390625 0.08384375
84 0.5917109374999999 0.1200078125 0.030453124999999998 0.085078125
84 0.6086953125000001 0.431984375 0.012578125 0.07546875
84 0.5754296875000001 0.42840625 0.021265625 0.08040625
84 0.6352734375 0.10843749999999999 0.020078125 0.12468749999999999
62 0.515015625 0.7519062499999999 0.26059375 0.4261875
84 0.47187500000000004 0.10625000000000001 0.315625 0.1375
