34 0.2453046875 0.226140625 0.068015625 0.027500000000000004
1 0.171015625 0.29446875 0.12284375 0.29025
1 0.5383203125 0.35815624999999995 0.287796875 0.316
1 0.317234375 0.2499453125 0.052875000000000005 0.146609375
1 0.5991718749999999 0.2176171875 0.020125 0.059703125
1 0.6896328125 0.21725 0.021359375 0.05828124999999999
1 0.7307578124999999 0.21887500000000001 0.062640625 0.10387500000000001
1 0.675140625 0.2322890625 0.0136875 0.043203124999999995
1 0.38494531249999997 0.21460937500000002 0.047421875 0.09584375
1 0.43984375000000003 0.2117265625 0.03503125 0.079796875
1 0.6478984375000001 0.2201171875 0.017359375 0.053671875
1 0.61496875 0.21583593749999996 0.02153125 0.080140625
1 0.1080234375 0.21328906250000002 0.036609375 0.068984375
1 0.4017421875 0.2206953125 0.014359374999999999 0.056765625
1 0.340625 0.21875 0.596875 0.1
