1 0.16343749999999999 0.3966015625 0.2009375 0.45432812499999997
1 0.810015625 0.42453906250000006 0.21940624999999997 0.425296875
84 0.42047656250000004 0.2608125 0.023234374999999998 0.0301875
84 0.508953125 0.3184375 0.03178125 0.0214375
84 0.5803203124999999 0.373546875 0.038171875 0.03503125
84 0.6179765625 0.374421875 0.035015625 0.03275
84 0.6208203125 0.299515625 0.034890624999999995 0.05434375
84 0.5446249999999999 0.37396875 0.03546875 0.0333125
84 0.5559765624999999 0.2411015625 0.033953125 0.031609375
84 0.55046875 0.29879687499999996 0.0366875 0.018125
84 0.540890625 0.33327343750000005 0.03128125 0.049765625
84 0.5076640625 0.337375 0.032953125 0.012718750000000001
84 0.506828125 0.369015625 0.03765625 0.043687500000000004
84 0.5147890625 0.285953125 0.040171875 0.02471875
27 0.76415625 0.5661640625 0.12393749999999999 0.160609375
27 0.5999453125 0.5309921875 0.275859375 0.24495312500000002
27 0.28979687499999995 0.32446875000000003 0.09225 0.04790625
33 0.351140625 0.4919296875 0.228875 0.335796875
62 0.8139765625000001 0.44482031250000004 0.272359375 0.24142187499999998
62 0.17515625 0.4672578125 0.1295625 0.220796875
