77 0.4830625 0.1980234375 0.10793749999999999 0.198359375
1 0.6524609375 0.44890625000000006 0.450671875 0.5179375
1 0.3067421875 0.5334296875 0.387640625 0.40617187499999996
1 0.0808984375 0.6286484375 0.111234375 0.131453125
1 0.4758984375 0.681140625 0.386765625 0.13771875
1 0.19513281249999997 0.483203125 0.048359374999999996 0.20715625000000001
1 0.2610390625 0.597078125 0.089609375 0.09934375
1 0.770921875 0.5178984375 0.2756875 0.46420312499999994
1 0.7247265625 0.5211796875 0.056109374999999996 0.08842187500000001
77 0.8385312500000001 0.3276484375 0.12593749999999998 0.078453125
77 0.40303906250000004 0.4655859375 0.029953125000000004 0.055765625
77 0.7240000000000001 0.49910156250000004 0.0273125 0.049078125
