19 0.8991640625 0.361515625 0.062359374999999995 0.0960625
19 0.43262500000000004 0.3663359375 0.11440625 0.105609375
19 0.5523437499999999 0.3813359375 0.12456249999999999 0.12410937500000001
19 0.5924453125 0.371171875 0.097921875 0.13015625
19 0.6883750000000001 0.365453125 0.0734375 0.10900000000000001
19 0.8482968750000001 0.35541406249999996 0.0814375 0.108578125
1 0.5025234375000001 0.323484375 0.044953125 0.048812499999999995
1 0.451015625 0.326421875 0.039281250000000004 0.076625
1 0.481109375 0.307765625 0.01340625 0.014687500000000001
1 0.5567890625 0.32790625 0.047421875 0.07115625
1 0.61671875 0.3051171875 0.0209375 0.018421874999999997
1 0.6452734375000001 0.32317187500000005 0.037078125 0.04528125
1 0.8519140625 0.312046875 0.034484375 0.05503125
1 0.8940078124999999 0.32039843749999997 0.028109375 0.055515625
1 0.690875 0.322625 0.03746875 0.0749375
19 0.6322890624999999 0.3545546875 0.035796875 0.084984375
19 0.6566328125 0.354703125 0.036890624999999996 0.0894375
19 0.5030234375 0.3723359375 0.075015625 0.12251562499999999
1 0.5869296875000001 0.3117890625 0.055359375 0.047609374999999995
