9 0.1799921875 0.5527031250000001 0.35935937500000004 0.0914375
9 0.2764609375 0.54353125 0.142453125 0.0545625
9 0.42109375 0.51846875 0.09459375 0.10024999999999999
9 0.964671875 0.549875 0.07065625 0.17240625
25 0.6353984375 0.42809375 0.259546875 0.47528125
9 0.9135468750000001 0.5598359375 0.08509375 0.049453125
9 0.49228124999999995 0.5296484375 0.026500000000000003 0.05192187499999999
9 0.7707890625 0.5063359375 0.034796875 0.034171875000000004
9 0.39668749999999997 0.559234375 0.03878125 0.026875
9 0.5020625 0.51796875 0.09278125000000001 0.059312500000000004
9 0.82175 0.528859375 0.031625 0.007593750000000001
9 0.801359375 0.4956328125 0.037093749999999995 0.067453125
9 0.3435390625 0.5462578124999999 0.037796875 0.015078125000000001
9 0.5101484375 0.5112265625 0.084984375 0.032390625
9 0.60859375 0.44765625000000003 0.7796875 0.2984375
