62 0.324859375 0.454015625 0.15728124999999998 0.22384374999999998
62 0.48658593749999995 0.458375 0.161203125 0.226875
62 0.18328906250000002 0.3523203125 0.088765625 0.118890625
62 0.78725 0.2741171875 0.05384375 0.033203125
62 0.284625 0.30483593750000004 0.0578125 0.070453125
62 0.3985859375 0.311296875 0.058515625 0.088625
73 0.8354921875 0.3192421875 0.026921875 0.024828125
27 0.6071640625 0.5220859375 0.103390625 0.10635937499999999
1 0.08846093749999999 0.32384375 0.158921875 0.32684375
1 0.6287734375 0.23869531249999998 0.11876562500000001 0.112890625
1 0.8815859375 0.4019140625 0.182765625 0.314734375
1 0.9224531250000001 0.2552109375 0.0693125 0.067171875
1 0.5378984375 0.3789375 0.238421875 0.23053125
1 0.4755703125 0.24434374999999997 0.052265625 0.0443125
1 0.3782109375 0.289578125 0.075796875 0.12446874999999999
1 0.5832890625 0.27324218749999996 0.058984375 0.045171875
1 0.22097656250000003 0.25176562500000005 0.029953125000000004 0.03228125
44 0.7065859375 0.3481953125 0.016203125 0.044734375
73 0.3443828125 0.2686484375 0.037765625000000004 0.019359375
1 0.2288125 0.3009921875 0.0394375 0.070203125
1 0.2681796875 0.259515625 0.051203125 0.06521875
1 0.9681484375 0.23531249999999998 0.028390625000000003 0.037375000000000005
62 0.2358984375 0.3297578125 0.061203125000000004 0.096953125
62 0.8878125000000001 0.4619453125 0.17221875 0.242390625
1 0.2893828125 0.2409765625 0.033078125 0.037140625
27 0.3122734375 0.33154687499999996 0.038671875 0.0495
73 0.5944296875 0.34342968749999997 0.093203125 0.066140625
1 0.55078125 0.23125 0.7578125 0.09375
