18 0.4615234375 0.54671875 0.299453125 0.1836875
18 0.22509375 0.344015625 0.2089375 0.12496875
18 0.4379765625 0.19671875 0.232703125 0.09234375
72 0.24840625 0.17233593749999998 0.133625 0.109640625
72 0.2126796875 0.06617187499999999 0.31823437499999996 0.12603124999999998
1 0.81115625 0.165328125 0.0479375 0.064625
1 0.7320546874999999 0.5420078125000001 0.308171875 0.44410937500000003
1 0.0687421875 0.269953125 0.137484375 0.37146875
1 0.45103125 0.14225 0.08665625 0.09628125
1 0.30304687500000005 0.5726171875 0.42409375000000005 0.365734375
1 0.6453359375 0.1283359375 0.12173437499999999 0.211140625
1 0.7971328125 0.2651875 0.144265625 0.17803125
1 0.8658984375 0.1382578125 0.104296875 0.224109375
1 0.518359375 0.17121875 0.070875 0.1075
1 0.12532812499999998 0.27615625 0.0793125 0.10628125
62 0.08707031249999998 0.6447578125000001 0.17276562499999998 0.238578125
62 0.939265625 0.3846015625 0.12146874999999999 0.33020312500000004
62 0.6739062499999999 0.156921875 0.10396875000000001 0.12025
62 0.0291875 0.44040625 0.051500000000000004 0.1528125
84 0.50746875 0.0583984375 0.025093749999999998 0.025890625
1 0.1968359375 0.2423359375 0.097359375 0.14776562499999998
84 0.83234375 0.283203125 0.09090625 0.06653125
84 0.8213671874999999 0.23944531250000003 0.031671875 0.039484375
84 0.5200468749999999 0.20115624999999998 0.05896875 0.022375
84 0.143671875 0.28153125 0.07140625 0.02978125
84 0.5436484375 0.131734375 0.026328125 0.026687499999999996
84 0.5089921875 0.12301562499999999 0.035890624999999995 0.034687499999999996
84 0.5292265625 0.058328124999999995 0.036859375 0.02590625
62 0.9401406250000001 0.1591953125 0.11971875000000001 0.16995312499999998
62 0.856109375 0.1931328125 0.04234375 0.046796875
