1 0.3975390625 0.5168828125 0.114390625 0.307078125
43 0.3434296875 0.4818203125 0.027421875000000002 0.041140625
37 0.21955468749999998 0.6440546875000001 0.011453125 0.011578125
37 0.21765624999999997 0.626 0.01065625 0.01259375
37 0.2304375 0.64178125 0.01165625 0.01403125
37 0.23057812500000002 0.6300234375 0.01109375 0.010390625
37 0.21775781249999998 0.614609375 0.010484375 0.010249999999999999
37 0.4780546875 0.569046875 0.006515625 0.0074375
37 0.5648124999999999 0.5598828125 0.006875000000000001 0.006390625
37 0.2330625 0.6199453125000001 0.011625 0.009671875
37 0.2296171875 0.653953125 0.007953125 0.0093125
37 0.2203125 0.6352578125 0.01109375 0.010015625
