67 0.6978671875 0.5395703125 0.604265625 0.42085937500000004
67 0.8367500000000001 0.2537109375 0.3256875 0.171296875
1 0.4188203125 0.375 0.837640625 0.75
1 0.35325781250000005 0.09514843749999999 0.112984375 0.10198437499999999
1 0.9331484375 0.17528125 0.13370312499999998 0.3471875
1 0.66428125 0.1891875 0.24953124999999998 0.3005625
47 0.8679140625 0.4908671874999999 0.11089062499999999 0.131453125
47 0.9021484375000001 0.1564921875 0.025859375 0.043109375
58 0.7243515625000001 0.5908046874999999 0.550109375 0.293640625
31 0.7005234375 0.1456015625 0.108421875 0.095359375
1 0.29059375000000004 0.10947656249999999 0.0696875 0.082765625
47 0.7892578124999999 0.15919531250000002 0.024953125 0.024265625
67 0.8442812500000001 0.15475 0.29428125 0.09921875
1 0.7265390625 0.0601328125 0.064703125 0.064703125
1 0.8552812500000001 0.039796874999999995 0.07275000000000001 0.0545625
47 0.869390625 0.160328125 0.028468749999999998 0.04659375
47 0.66803125 0.5547578125 0.07134375 0.16795312499999998
62 0.6012734375 0.2704453125 0.323546875 0.27414062499999997
67 0.2757265625 0.27788281249999996 0.026203125 0.049078125
1 0.44128125 0.0914609375 0.09406250000000001 0.08401562500000001
54 0.7240703125000001 0.5638828124999999 0.551859375 0.23889062499999997
63 0.6824062500000001 0.3481015625 0.17459375 0.069265625
