43 0.4491328124999999 0.3540625 0.047421875 0.0610625
1 0.504171875 0.3549375 0.09278125000000001 0.0979375
1 0.5216171875000001 0.2161640625 0.023203124999999998 0.038328125000000005
1 0.545546875 0.2272734375 0.03021875 0.061828125
1 0.629890625 0.1941484375 0.027687499999999997 0.034734375
1 0.6051796875000001 0.2411875 0.032046875 0.03371875
1 0.6612890625000001 0.2113515625 0.029671874999999997 0.040078125
1 0.68534375 0.2001875 0.028937499999999998 0.046156249999999996
1 0.6361171874999999 0.2455703125 0.026859375 0.026859375
1 0.6639375 0.24577343750000002 0.02859375 0.028015625
1 0.5779921875 0.2276796875 0.030796875 0.049515625
1 0.6598828125 0.235859375 0.027921875000000002 0.03453125
1 0.7164296874999999 0.2292890625 0.023609375 0.036015625
1 0.7484375 0.23396875 0.041125 0.0384375
1 0.3546875 0.23046875 0.178125 0.0515625
