19 0.3565546875 0.416109375 0.412390625 0.42728124999999995
27 0.14209375 0.299046875 0.024281249999999997 0.032125
27 0.093296875 0.32065625000000003 0.02425 0.033625
1 0.68646875 0.351125 0.070125 0.1958125
1 0.8915234375 0.2919609375 0.022734375 0.044015625
1 0.1271796875 0.3269140625 0.028421875000000003 0.088140625
1 0.07581249999999999 0.32525000000000004 0.03575 0.10393749999999999
1 0.6011953125 0.26882812500000003 0.021640625 0.022343750000000002
1 0.5961875 0.29107812499999997 0.021968750000000002 0.025312499999999998
1 0.5689296875 0.27796093749999995 0.036421875 0.053140625
1 0.6488984375000001 0.274046875 0.023859375 0.042812499999999996
1 0.7505078125 0.3015625 0.035171875000000005 0.09878125
1 0.972890625 0.30283593750000004 0.046718749999999996 0.108234375
1 0.942921875 0.3264453125 0.02803125 0.060421875
1 0.849890625 0.2797734375 0.01353125 0.022609375
31 0.9761249999999999 0.28823437500000004 0.02715625 0.04525
1 0.8669531250000001 0.2952578125 0.0113125 0.026359375
7 0.6406796875 0.2876484375 0.379484375 0.399828125
27 0.9767968749999999 0.2857265625 0.02728125 0.044578125
1 0.52265625 0.3015625 0.8359375 0.121875
