20 0.6022812500000001 0.2095078125 0.050937500000000004 0.032953125
20 0.7069921874999999 0.208578125 0.036546875 0.025343749999999998
20 0.81465625 0.20721093749999997 0.02859375 0.025921875
4 0.25309375 0.286640625 0.49309375 0.39546875
1 0.755640625 0.190640625 0.02271875 0.05809375
1 0.9075390624999999 0.18925781249999998 0.013390625 0.057265625
1 0.931625 0.186546875 0.021406249999999998 0.0671875
1 0.94896875 0.185328125 0.0201875 0.06415625
1 0.965796875 0.1815859375 0.02178125 0.056765625
1 0.9939218750000001 0.18744531250000002 0.0116875 0.059421875
1 0.45178906249999995 0.2090234375 0.017546875 0.032921875
20 0.552171875 0.2131796875 0.0368125 0.030453124999999998
20 0.6423984375 0.21171875 0.016703125 0.0258125
20 0.672453125 0.2103515625 0.021625 0.030671874999999998
20 0.7281328125000001 0.20471093749999997 0.019734375000000002 0.026546874999999998
20 0.5114765625000001 0.2144765625 0.040421875 0.029796875
20 0.46935937499999997 0.2139140625 0.02303125 0.030703124999999998
20 0.73353125 0.21485156249999998 0.02484375 0.026546874999999998
20 0.6578593750000001 0.210078125 0.01834375 0.029218749999999998
20 0.49017968749999996 0.20903125000000003 0.023890625 0.014093749999999999
