2 0.375921875 0.5796875 0.34978125000000004 0.24571874999999999
41 0.635765625 0.7467578125000001 0.20559375000000002 0.30257812500000003
41 0.0502578125 0.332421875 0.027796875 0.0081875
1 0.33843749999999995 0.5033124999999999 0.14465625 0.3835625
1 0.7671484375 0.5490390625 0.32232812499999997 0.7585468750000001
1 0.4287578125 0.31064843750000004 0.033171875 0.086546875
1 0.1633203125 0.555875 0.260859375 0.34875
1 0.8520859375000001 0.24428124999999998 0.037078125 0.05190625
1 0.14666406250000003 0.240203125 0.041296875 0.0461875
1 0.11634375 0.24192187499999998 0.0348125 0.041999999999999996
1 0.05003125 0.28928125 0.03578125 0.09003125
1 0.40103125 0.3192890625 0.037875 0.087796875
1 0.8833671874999999 0.21450781249999998 0.036484375 0.029921874999999997
1 0.637765625 0.1908203125 0.037843749999999995 0.051953125
2 0.5461953125000001 0.583140625 0.20554687500000002 0.08940624999999999
1 0.6125859375 0.2118671875 0.024515625 0.061171875
1 0.74765625 0.32421875 0.3796875 0.2609375
