37 0.4955390625 0.57621875 0.093890625 0.08512499999999999
1 0.754890625 0.34184375 0.268375 0.5337500000000001
1 0.313375 0.187 0.07215625 0.126125
1 0.37659375000000006 0.22875781250000002 0.063 0.193765625
1 0.4917265625 0.2361953125 0.053953125000000005 0.171109375
1 0.8438671875000001 0.24943750000000003 0.032296875 0.09559375
1 0.3433359375 0.38731249999999995 0.218890625 0.46328125
1 0.8234218750000001 0.2613515625 0.021968750000000002 0.072328125
1 0.03515625 0.239296875 0.050812500000000003 0.0809375
1 0.9236484375 0.2545 0.033671875000000004 0.12196875
1 0.1688671875 0.22659374999999998 0.057078125 0.2105
1 0.4503359375 0.23161718750000002 0.051859375 0.194359375
