21 0.47532812500000005 0.2515859375 0.20096875 0.155796875
21 0.5784296875 0.184734375 0.265984375 0.10075
21 0.7441328125000001 0.15209375 0.07423437499999999 0.03565625
21 0.48149218749999995 0.12271875 0.034984375 0.03290625
21 0.74734375 0.1297109375 0.05384375 0.022171875
28 0.2825546875 0.1540390625 0.241859375 0.211171875
21 0.11820312499999999 0.1031171875 0.03225 0.019234375
1 0.35452343750000004 0.29553125 0.25129687500000003 0.38578125
1 0.07180468749999999 0.20423437500000002 0.11770312499999999 0.22953125000000002
1 0.1066015625 0.1737265625 0.07182812499999999 0.196171875
1 0.066953125 0.109453125 0.0691875 0.0786875
1 0.029421874999999997 0.20207031250000002 0.056499999999999995 0.164796875
1 0.5511874999999999 0.12239843750000001 0.029625000000000002 0.044890625
1 0.579328125 0.12328125000000001 0.027250000000000003 0.03871875
1 0.6080781249999999 0.12040624999999999 0.02003125 0.05084375
1 0.655578125 0.116578125 0.018625 0.042499999999999996
1 0.5018515625 0.11399218750000001 0.021390625 0.049578125
1 0.4576875 0.1124296875 0.01525 0.046421875
1 0.43110156250000004 0.112265625 0.009953125 0.04771875
1 0.021117187500000002 0.08428906250000001 0.014328125 0.016703125
21 0.4846484375 0.15483593750000002 0.122015625 0.035953125
21 0.42591406249999997 0.1492734375 0.046359375 0.047921875
21 0.585 0.35181250000000003 0.37090625 0.28909375000000004
1 0.37578125 0.171875 0.7515625 0.234375
