82 0.7315078125 0.4741328125 0.094171875 0.497765625
78 0.3408203125 0.32749218750000003 0.12632812499999999 0.085171875
79 0.3429765625 0.391859375 0.13314062499999998 0.22415625
47 0.6307812500000001 0.2515703125 0.01053125 0.021953125
47 0.681796875 0.18761718749999998 0.01125 0.017515625
47 0.6783125 0.3101171875 0.016 0.017015625
47 0.5871796874999999 0.30879687499999997 0.009140625 0.015125
51 0.6208203125 0.3044375 0.026859375 0.022375
51 0.6314296875000001 0.252640625 0.010015625 0.02134375
51 0.5967890625 0.25090625000000005 0.023515625000000002 0.0265625
