39 0.55403125 0.2771328125 0.03746875 0.029734375
40 0.056929687500000006 0.2416796875 0.008765625 0.009703125
40 0.6434453124999999 0.2598125 0.015046875000000001 0.01153125
1 0.301421875 0.11115625 0.013093750000000001 0.0158125
1 0.6761874999999999 0.4168046875 0.1469375 0.21589062499999997
1 0.246109375 0.06038281250000001 0.0160625 0.016578125
1 0.275578125 0.0300234375 0.01546875 0.017609375
1 0.65971875 0.26359375 0.050749999999999997 0.0880625
1 0.5239765625 0.34176562499999996 0.085859375 0.12196875
1 0.9070781249999998 0.26737500000000003 0.03509375 0.10106250000000001
1 0.1568828125 0.215953125 0.032359375 0.04675
1 0.046992187500000004 0.23859375 0.041328125 0.056125
1 0.23846093750000003 0.600046875 0.165359375 0.13428125
1 0.09617187499999999 0.607078125 0.19234374999999998 0.1066875
1 0.6246328124999999 0.6402421875 0.090203125 0.053890625000000004
1 0.5230078125 0.43448437500000003 0.11495312499999999 0.13187500000000002
40 0.5702421875 0.46478125 0.021640625 0.018062500000000002
1 0.5 0.3328125 0.996875 0.665625
