1 0.432359375 0.4871875 0.3361875 0.625625
3 0.758875 0.371234375 0.48224999999999996 0.47640625
3 0.6984765625 0.1271796875 0.141015625 0.099453125
3 0.39321875 0.1518515625 0.1940625 0.171359375
3 0.6101484374999999 0.0880078125 0.122953125 0.047671875
3 0.2826328125 0.12442187500000002 0.10323437499999999 0.099875
3 0.827046875 0.121125 0.25071875 0.08028125
3 0.28740625 0.1402421875 0.0651875 0.126421875
3 0.529125 0.08259375 0.08596875000000001 0.02865625
3 0.5090703125 0.1788125 0.31039062500000003 0.17015625
3 0.49326562500000004 0.0775234375 0.05509375 0.026828125
3 0.9702265625 0.1193515625 0.059546875 0.037609375
8 0.27434375 0.08545312499999999 0.12428125000000001 0.10931249999999999
