32 0.2831875 0.10659374999999999 0.198875 0.20768749999999997
32 0.4484765625 0.10092187500000001 0.146796875 0.19809375
32 0.101828125 0.311328125 0.18259375 0.20890625
32 0.26384375000000004 0.3146015625 0.20400000000000001 0.24126562499999998
32 0.4199296875 0.33794531250000004 0.20389062500000002 0.261265625
32 0.4830234375 0.6010078124999999 0.077703125 0.187859375
32 0.3753046875 0.58875 0.12232812500000001 0.17596875
32 0.23796093749999997 0.5418906250000001 0.147734375 0.16278125000000002
32 0.141015625 0.5233125000000001 0.11750000000000001 0.13353125
32 0.1008828125 0.11084374999999999 0.155609375 0.18225
32 0.048734375 0.512015625 0.09746875 0.13703125
32 0.117625 0.682640625 0.0983125 0.11587499999999999
32 0.37575781249999995 0.4350625 0.083890625 0.06121875
32 0.26093750000000004 0.390625 0.51875 0.778125
