44 0.17555468750000003 0.21431250000000002 0.077828125 0.23803125
62 0.51425 0.1405703125 0.26015625 0.188703125
62 0.085765625 0.21188281250000002 0.13453125 0.275796875
67 0.47359375000000004 0.4533671875 0.9067500000000001 0.562921875
46 0.5166562499999999 0.4142890625 0.09503125 0.196921875
46 0.30727343749999997 0.3441171875 0.070984375 0.152109375
46 0.6925390625 0.3099765625 0.07257812500000001 0.178421875
46 0.6122968750000001 0.1888203125 0.056499999999999995 0.068734375
48 0.801109375 0.4128203125 0.1615625 0.073015625
49 0.6051015625 0.5434218749999999 0.14545312500000002 0.11046875
50 0.6307031249999999 0.5461953125 0.13474999999999998 0.060671875
51 0.5280703125 0.5697109375 0.175328125 0.123984375
57 0.2921953125 0.4961640625 0.081984375 0.061484375
57 0.34146875000000004 0.5065859374999999 0.05890625000000001 0.027953125000000002
57 0.362921875 0.50878125 0.06396874999999999 0.032218750000000004
57 0.3182109375 0.5058828125 0.100546875 0.068234375
57 0.323171875 0.526359375 0.18 0.04803125
48 0.1506015625 0.48394531249999995 0.086640625 0.015484375
62 0.0895390625 0.6324375 0.179078125 0.23190624999999998
54 0.5828984374999999 0.26521875 0.15242187499999998 0.10209375000000001
