9 0.6120234375 0.17411718750000002 0.141171875 0.022640625
14 0.4668515625 0.3696640625 0.141578125 0.510671875
14 0.8682578125 0.19389062499999998 0.041109375 0.051625
14 0.2384375 0.18684374999999998 0.01984375 0.029875000000000002
2 0.8355546875 0.18719531250000002 0.021390625 0.019640625000000002
9 0.0446484375 0.1943515625 0.089109375 0.019171874999999998
14 0.5332578124999999 0.182578125 0.020546875 0.0308125
14 0.8151796874999999 0.1743671875 0.008828125000000001 0.016546875
14 0.36965624999999996 0.18965625000000003 0.01934375 0.024
14 0.35073437500000004 0.19094531250000002 0.02190625 0.021640625
14 0.8258125 0.1726328125 0.0081875 0.011109375000000001
