16 0.5163203125 0.2355703125 0.009296875 0.011765625
16 0.5376171874999999 0.2361015625 0.005234375 0.010203125
16 0.5989765625 0.23575 0.010578124999999999 0.012
16 0.669265625 0.2373828125 0.01240625 0.009546875
24 0.305015625 0.36576562500000004 0.09468750000000001 0.043187500000000004
24 0.19882031249999998 0.3662421875 0.08745312499999999 0.033453125
25 0.634171875 0.2996640625 0.079625 0.197734375
16 0.0104140625 0.233453125 0.009546875 0.02134375
16 0.532125 0.236921875 0.006937500000000001 0.0133125
16 0.49810156250000004 0.16771875 0.005671875 0.01153125
16 0.5247421874999999 0.23607812499999997 0.005515625 0.01246875
16 0.617109375 0.23725000000000002 0.00840625 0.01209375
16 0.6814140624999999 0.23831249999999998 0.006921874999999999 0.008749999999999999
16 0.48185156249999994 0.18312499999999998 0.004234375 0.0075625
16 0.6288046875 0.18360156249999998 0.007203125 0.003296875
