19 0.3325390625 0.4121953125 0.150546875 0.268953125
1 0.3345 0.3070078125 0.1771875 0.274921875
1 0.7000937500000001 0.0699453125 0.061125 0.049921875
1 0.6436484375 0.08424999999999999 0.042703124999999995 0.05550000000000001
1 0.5782890625 0.081859375 0.049703125 0.0700625
1 0.517625 0.0918203125 0.05209375000000001 0.078421875
1 0.3910234375 0.0981484375 0.051796875 0.08101562500000001
1 0.0642578125 0.1085703125 0.051515624999999995 0.065109375
1 0.6087343749999999 0.28679687500000006 0.13034375 0.25125000000000003
19 0.6188593750000001 0.4037734375 0.13859375000000002 0.232484375
1 0.014703125 0.11869531249999998 0.028749999999999998 0.051515624999999995
1 0.960265625 0.1896328125 0.07946875 0.184203125
1 0.44560937500000003 0.08532031250000001 0.047281250000000004 0.061203125000000004
