25 0.1223203125 0.2457734375 0.08395312499999999 0.11517187499999999
25 0.1516640625 0.22922656249999998 0.038171875 0.061296874999999994
25 0.8505703124999999 0.23771874999999998 0.044734375 0.1508125
24 0.20401562499999998 0.3526328125 0.1495625 0.10092187500000001
24 0.14197656250000001 0.34846093749999996 0.130171875 0.089953125
24 0.8602734375000001 0.357515625 0.110453125 0.09528125
24 0.7436875 0.341875 0.05128125 0.0725625
24 0.8183515625 0.343390625 0.091734375 0.07696875
24 0.645328125 0.352 0.12440625000000001 0.09609375
24 0.221625 0.28514062500000004 0.0543125 0.03515625
24 0.5497578125 0.363515625 0.057484375 0.04890625
24 0.02321875 0.2955078125 0.0464375 0.057546875
