16 0.140828125 0.43414843750000004 0.038093749999999996 0.026515624999999998
16 0.1280625 0.3683984375 0.02971875 0.032859375
9 0.6652109375 0.290140625 0.232078125 0.07078124999999999
9 0.4841328125 0.42703125000000003 0.523609375 0.09840625
9 0.44885937499999995 0.1982578125 0.16693750000000002 0.037640625
9 0.625171875 0.203515625 0.1879375 0.02740625
1 0.6687578125 0.40121093750000003 0.033671875000000004 0.033671875000000004
16 0.72115625 0.33275000000000005 0.0235 0.021843750000000002
16 0.5679609375 0.32171875 0.030046875 0.03228125
16 0.4202578125 0.226421875 0.046984375 0.01246875
16 0.5165859374999999 0.091453125 0.023984375 0.0165625
16 0.1742578125 0.46714843749999996 0.020890625 0.025078125
16 0.6931953125 0.0722578125 0.012734375000000001 0.006171875
16 0.20389062500000002 0.29726562500000003 0.03675 0.01625
16 0.6576796874999999 0.3289765625 0.028640624999999996 0.039421875
16 0.4907578125 0.5094140625 0.020515625000000003 0.023484375
16 0.4829140625 0.478765625 0.027640625000000002 0.0233125
16 0.5275625 0.489359375 0.01928125 0.01165625
16 0.5698437499999999 0.48631250000000004 0.023 0.012718750000000001
1 0.743359375 0.519671875 0.039125 0.030375000000000003
9 0.63034375 0.18775781249999998 0.1604375 0.029328125
9 0.4115 0.17828906249999998 0.1418125 0.026140625
16 0.3165625 0.28940625000000003 0.030656250000000003 0.018
9 0.04419531250000001 0.34828906249999997 0.08742187500000001 0.045984375
16 0.415625 0.25390625 0.640625 0.4828125
