9 0.5589921874999999 0.53128125 0.7914218749999999 0.0755
9 0.5912421875 0.2262265625 0.399859375 0.452453125
9 0.09607812499999999 0.4300234375 0.06703125 0.021078125
9 0.0300625 0.42621093750000005 0.060125 0.041953125
9 0.1916953125 0.42822656249999996 0.027765625 0.021796875
1 0.559109375 0.4630703125 0.15778125 0.129203125
9 0.20428125000000003 0.433671875 0.1209375 0.01071875
9 0.9760546875000001 0.443390625 0.047546875 0.029906250000000002
9 0.88353125 0.44384375000000004 0.083875 0.015312500000000001
9 0.7935 0.435484375 0.0816875 0.0246875
9 0.24543749999999998 0.43399218750000007 0.035562500000000004 0.007890625
9 0.0646015625 0.430546875 0.025671875 0.021249999999999998
9 0.9322734374999999 0.44841406250000004 0.047609374999999995 0.012921875
