67 0.577890625 0.7634921875 0.34421875 0.47301562500000005
4 0.07234375 0.3339296875 0.13746875 0.174234375
54 0.21299999999999997 0.5622421875000001 0.14971874999999998 0.113578125
54 0.3944375 0.359265625 0.06621875 0.07984375
47 0.659140625 0.3609765625 0.06046875 0.094421875
49 0.167640625 0.49828125 0.060843749999999995 0.034187499999999996
1 0.3567890625 0.2791796875 0.511109375 0.558015625
47 0.7207734375 0.3297734375 0.058453124999999995 0.092140625
47 0.7113984375 0.48003125 0.077203125 0.065
47 0.6981718750000001 0.3829765625 0.03815625 0.067515625
2 0.07096875 0.29610156249999997 0.12178125 0.13473437500000002
49 0.6031328125 0.6409140624999999 0.18939062499999998 0.08104687499999999
