60 0.325421875 0.333921875 0.21150000000000002 0.150625
60 0.5201015625000001 0.33542187500000004 0.179078125 0.17450000000000002
60 0.624140625 0.19753906249999997 0.15918749999999998 0.14320312500000001
60 0.464796875 0.18367968749999997 0.17381249999999998 0.159328125
60 0.302109375 0.189234375 0.1610625 0.147875
60 0.13496875 0.1828046875 0.175125 0.139578125
60 0.12639843750000002 0.3239140625 0.20014062500000002 0.160640625
60 0.444734375 0.48234375 0.2085 0.18475
60 0.6550625 0.49092187500000006 0.18828125 0.16590625
60 0.10664843750000001 0.49046874999999995 0.20014062500000002 0.1566875
