3 0.982984375 0.3770390625 0.03403125 0.112421875
6 0.8392421875 0.300515625 0.321484375 0.18103125
1 0.5654609375 0.4095859375 0.359015625 0.515203125
1 0.8216171875 0.45403906250000003 0.224890625 0.41079687500000006
1 0.0216953125 0.336359375 0.013265625 0.0390625
1 0.2923671875 0.43604687500000006 0.092953125 0.239875
1 0.20539843750000003 0.4153046875 0.29085937500000003 0.488765625
10 0.561984375 0.0563203125 0.04315625 0.077578125
10 0.5029921875 0.18626562500000002 0.018140625 0.03503125
10 0.535546875 0.24703124999999998 0.01171875 0.0246875
31 0.33878125000000003 0.6144921875 0.03646875 0.10223437500000002
31 0.8725624999999999 0.5631015625 0.20934375 0.20817187499999998
31 0.31848437500000004 0.5779531250000001 0.029656250000000002 0.1454375
