19 0.273265625 0.7735000000000001 0.228875 0.32246874999999997
1 0.606921875 0.7553515625 0.05121875 0.169140625
19 0.14935156249999998 0.7783515624999999 0.12060937499999999 0.270015625
1 0.5146796875 0.677234375 0.011859375 0.019125
1 0.499578125 0.6745625000000001 0.01809375 0.01834375
1 0.522609375 0.6775234375 0.00815625 0.015484375
1 0.5719218750000001 0.6839375000000001 0.01034375 0.031625
1 0.632328125 0.69090625 0.0136875 0.0313125
1 0.64415625 0.6875625000000001 0.014624999999999999 0.0390625
1 0.6628125 0.6834765625 0.007781250000000001 0.035140624999999995
1 0.07645312500000001 0.7304375 0.05550000000000001 0.14456249999999998
1 0.31490625 0.665265625 0.02715625 0.04196875
1 0.26984375000000005 0.6622890625 0.0175625 0.015734375000000002
1 0.073390625 0.66928125 0.01015625 0.025500000000000002
1 0.5335234375 0.6683828125 0.006078125 0.009890625
1 0.33359375 0.68046875 0.6671875 0.0640625
