1 0.39070312500000004 0.5414687499999999 0.3894375 0.73115625
1 0.17078125 0.30000000000000004 0.103375 0.2
1 0.1277734375 0.25365625 0.068953125 0.136125
1 0.07445312500000001 0.1985234375 0.03028125 0.07423437499999999
1 0.4473828125 0.2505 0.062109375 0.1908125
35 0.46469531249999996 0.9203515624999999 0.36398437499999997 0.094859375
35 0.3853984375 0.6322109374999999 0.285390625 0.060671875
10 0.5377421875 0.0216875 0.024984375 0.04071875
10 0.4085546875 0.043062500000000004 0.029421874999999997 0.06665625
10 0.26478125 0.1083203125 0.01153125 0.030640624999999998
10 0.09496875 0.126265625 0.013468749999999998 0.017906250000000002
27 0.47225781250000004 0.2185234375 0.026203125 0.050890625
1 0.1227890625 0.1791328125 0.020140625000000002 0.018015625
1 0.2413671875 0.28753125 0.058328124999999995 0.17906249999999999
1 0.101078125 0.22347656250000003 0.02953125 0.095640625
35 0.17178125 0.38839843749999997 0.0895625 0.027546875
1 0.056890625 0.20375781249999997 0.033875 0.069515625
1 0.376265625 0.1841171875 0.024 0.093484375
1 0.33973437500000003 0.22031249999999997 0.0381875 0.12728124999999998
1 0.049210937499999996 0.2425 0.046109375 0.122125
35 0.1127734375 0.32865625000000004 0.022484375 0.029281249999999998
35 0.077421875 0.29276562500000003 0.01678125 0.018
