28 0.16597656249999998 0.16511718749999998 0.264078125 0.224609375
3 0.4002890625 0.4680625 0.059609375 0.01915625
3 0.6184921875000001 0.4831796875 0.018296875 0.015328125000000001
3 0.164453125 0.45866406249999997 0.0410625 0.021359375
3 0.1340078125 0.4548515625 0.032890625 0.022171875
3 0.40545312499999997 0.47479687499999995 0.03265625 0.02315625
3 0.5910781250000001 0.48110937499999995 0.0220625 0.016875
3 0.527421875 0.47862499999999997 0.02459375 0.020499999999999997
3 0.2069765625 0.4628281249999999 0.036734375 0.0193125
3 0.3752109375 0.46900000000000003 0.022828124999999998 0.013000000000000001
3 0.321390625 0.468671875 0.03775 0.019375
3 0.3462109375 0.467265625 0.024796875 0.0144375
3 0.023679687499999998 0.44996875 0.045765625 0.024125
1 0.2350703125 0.6545390625 0.163640625 0.612984375
3 0.094609375 0.45357812499999994 0.047125 0.0225
3 0.34687500000000004 0.4640625 0.6125 0.05625
