32 0.2742421875 0.33203124999999994 0.100359375 0.07418749999999999
32 0.338125 0.2346328125 0.1925625 0.230015625
32 0.15814843750000002 0.24119531249999998 0.163796875 0.23145312499999998
32 0.1629921875 0.42267968749999996 0.11385937500000001 0.139078125
32 0.2579375 0.4435078125 0.1151875 0.146734375
32 0.3992265625 0.46894531249999993 0.11251562500000001 0.16314062499999998
32 0.4882890625 0.48542968750000004 0.067171875 0.17379687500000002
32 0.48203906249999995 0.6290078124999999 0.079671875 0.11867187500000001
32 0.2932890625 0.605765625 0.097703125 0.1119375
32 0.2104453125 0.583015625 0.094671875 0.09525
32 0.0526640625 0.544828125 0.091296875 0.0965625
32 0.06467187499999999 0.41785937500000003 0.10931249999999999 0.12909375
32 0.303140625 0.5175703125 0.09275 0.07910937500000001
32 0.26015625 0.38984375 0.5203125 0.7796875
