31 0.2722265625 0.1652734375 0.063359375 0.08010937500000001
31 0.1689296875 0.29292968750000004 0.033890625 0.062921875
31 0.5731640625000001 0.12621093749999998 0.016296875 0.038921875
1 0.502390625 0.1402109375 0.07353125 0.188953125
1 0.5401171874999999 0.19785156250000002 0.104171875 0.104171875
1 0.6000390624999999 0.1358671875 0.076296875 0.145140625
1 0.35873437500000005 0.1494921875 0.07453125000000001 0.22176562500000002
1 0.301890625 0.1640390625 0.084375 0.246484375
1 0.2126015625 0.1406015625 0.070109375 0.19207812500000002
1 0.24353906250000001 0.104078125 0.045515625 0.15
1 0.376203125 0.14646875 0.04503125 0.1645
1 0.1498671875 0.1583203125 0.087640625 0.284828125
1 0.4840625 0.12885156250000002 0.03253125 0.133609375
1 0.5389296875 0.1313125 0.043828125 0.171375
1 0.6083437500000001 0.1936875 0.06421875 0.0710625
33 0.092625 0.4915625 0.09925 0.16778125
27 0.22949999999999998 0.11126562499999999 0.03078125 0.06265625
27 0.5525312499999999 0.1251953125 0.0190625 0.037578125000000004
27 0.0688828125 0.0944140625 0.049734375 0.077421875
31 0.392296875 0.15004687500000002 0.024781249999999998 0.05128125
33 0.22756250000000003 0.2740078125 0.08 0.074390625
1 0.0804296875 0.12532812499999998 0.075921875 0.1974375
1 0.48203125 0.3125 0.9640625 0.603125
