22 0.8552500000000001 0.39811718749999997 0.082875 0.055703125
22 0.6929531250000001 0.409921875 0.050937500000000004 0.04934375
22 0.7392578125 0.40053124999999995 0.061953125 0.03959375
22 0.5270078125 0.3897421875 0.060453124999999996 0.032609375
22 0.3260390625 0.393359375 0.045515625 0.042125
22 0.4282421875 0.3856328125 0.047890625 0.025140625
22 0.9887890625 0.390921875 0.022421875 0.05721875
22 0.1933359375 0.39621093749999997 0.055359375 0.044171875
22 0.0213828125 0.39206250000000004 0.041984375000000004 0.037375000000000005
22 0.237921875 0.3925625 0.06696875 0.04553125
22 0.2836484375 0.397328125 0.025796875000000004 0.03340625
22 0.30943750000000003 0.404359375 0.031656250000000004 0.01753125
22 0.800578125 0.4023671875 0.04096875 0.044453124999999996
22 0.81171875 0.3921875 0.1046875 0.05
