3 0.4681171875 0.5455390625000001 0.335578125 0.295296875
6 0.638765625 0.3058984375 0.5561875 0.581453125
1 0.29340625 0.5023828125 0.064375 0.310734375
1 0.4867578125 0.12980468750000002 0.060015624999999996 0.082765625
1 0.6291015625 0.1533515625 0.031171874999999998 0.076046875
1 0.233140625 0.44675 0.0835625 0.32578125
1 0.169234375 0.4499453125 0.08459375 0.334734375
1 0.6927031250000001 0.5317421875 0.17528125 0.40279687500000005
1 0.60446875 0.357546875 0.10896874999999999 0.06603125
1 0.11374999999999999 0.45867187499999995 0.064875 0.2985625
1 0.4426640625 0.11175 0.060921875 0.0904375
1 0.3540078125 0.41163281250000006 0.08792187500000001 0.15826562500000002
1 0.07110156249999999 0.4714296875 0.11882812499999999 0.307796875
1 0.45548437500000005 0.3692578125 0.0614375 0.064078125
1 0.71553125 0.356421875 0.03353125 0.05996875
