1 0.4114140625 0.1585703125 0.045984375 0.069390625
1 0.0182890625 0.223515625 0.036578125 0.12253125000000001
4 0.160671875 0.714609375 0.307875 0.5438125
1 0.19886718750000001 0.16377343749999998 0.028859375 0.060390624999999996
1 0.47321093749999993 0.147296875 0.025078125 0.048593750000000005
1 0.5037265625 0.1458203125 0.039953125 0.059171875
1 0.5587656249999999 0.16515625 0.02859375 0.09971875
1 0.12053125 0.1691015625 0.01925 0.038515625
1 0.1281953125 0.16799999999999998 0.009984375 0.0365625
1 0.14464062499999997 0.17696875 0.0296875 0.08065625
4 0.445953125 0.8649765625 0.3265 0.270046875
4 0.47929687499999996 0.5499140625000001 0.37578125 0.33192187500000003
4 0.5083828125 0.343265625 0.317609375 0.13378125000000002
4 0.473296875 0.2872265625 0.26546875000000003 0.11070312499999999
4 0.49006249999999996 0.614625 0.35425 0.19571875
4 0.42151562499999995 0.20345312499999998 0.11487499999999999 0.0438125
4 0.38163281250000003 0.1755625 0.054671875 0.02915625
4 0.19090625 0.278765625 0.25953125 0.10990625000000001
4 0.5093359375 0.3935625 0.31570312500000003 0.09653125
4 0.45346875 0.2185078125 0.19334374999999998 0.060421875
4 0.4595390625 0.24992968750000003 0.22548437500000001 0.040421875
1 0.5227890625 0.1537265625 0.012859375000000001 0.061546875
1 0.4405390625 0.146328125 0.016234375000000002 0.02240625
1 0.29583593750000003 0.14911718750000003 0.011703125 0.023140625
4 0.1311015625 0.5091328125000001 0.262203125 0.373484375
4 0.19921875 0.334375 0.3953125 0.415625
