54 0.3066171875 0.5989765625 0.068578125 0.021890625
54 0.3319765625 0.81753125 0.11279687499999999 0.043437500000000004
54 0.1458671875 0.7776796875 0.096265625 0.046234375
1 0.5607734375 0.6432109374999999 0.373328125 0.682703125
1 0.44687499999999997 0.4302734375 0.19175 0.25760937500000003
50 0.3699296875 0.643234375 0.021546875 0.06737499999999999
31 0.04278125 0.3595546875 0.07790625 0.091546875
54 0.10745312500000001 0.8174609375 0.11953125 0.058921875
54 0.2532109375 0.6210781249999999 0.058046875 0.02853125
54 0.24301562499999999 0.608875 0.0496875 0.0219375
54 0.26949999999999996 0.635 0.06796875 0.02740625
54 0.3034140625 0.61478125 0.046484375 0.015562500000000002
82 0.5303671875 0.3766953125 0.342421875 0.301515625
1 0.2314765625 0.43159375 0.197484375 0.20353125
54 0.31114062500000006 0.62428125 0.02475 0.00825
54 0.2848046875 0.520828125 0.041078125 0.01875
49 0.37424999999999997 0.5852109375 0.05437499999999999 0.042765625
47 0.3439453125 0.6945234375 0.09323437500000001 0.086296875
54 0.244140625 0.52515625 0.04259375 0.016968749999999998
54 0.33415625 0.7673046875 0.10746875 0.057859375000000005
