1 0.8789843749999999 0.415828125 0.1171875 0.31853125000000004
1 0.19480468750000002 0.36678124999999995 0.024484375 0.033937499999999995
1 0.0994296875 0.4663046875 0.198859375 0.39864062499999997
1 0.1502578125 0.451890625 0.087140625 0.21034375
1 0.816703125 0.394203125 0.05128125 0.16440625
1 0.2716875 0.37727343750000003 0.0134375 0.010796875000000001
1 0.3170703125 0.4159296875 0.033734375 0.092671875
27 0.9089453125 0.3401875 0.07810937500000001 0.0885625
1 0.5209374999999999 0.436265625 0.18209375 0.32915625
35 0.5410390625 0.6132109375 0.129609375 0.10310937499999999
35 0.44284375 0.44875 0.010437499999999999 0.0025624999999999997
