2 0.1445078125 0.61728125 0.10873437500000001 0.0466875
6 0.5375937500000001 0.4361484375 0.2828125 0.17189062500000002
1 0.59259375 0.6013671875000001 0.038 0.078515625
1 0.1437421875 0.591890625 0.06298437500000001 0.0963125
1 0.5177499999999999 0.6041249999999999 0.04115625 0.073
1 0.8651171875 0.4869140625 0.025859375 0.036390624999999996
1 0.9120078125 0.48635937500000004 0.037203125 0.0343125
1 0.83434375 0.336609375 0.02215625 0.02878125
1 0.6091249999999999 0.5917656250000001 0.0223125 0.08184375
1 0.9800390625 0.3298515625 0.014328125 0.027921875000000002
1 0.82346875 0.4178515625 0.01715625 0.016765625
1 0.28210156249999996 0.3920703125 0.027265624999999998 0.029109375
3 0.1647109375 0.5227578125000001 0.195515625 0.098515625
3 0.18505468749999998 0.43350781250000003 0.14851562499999998 0.06392187499999999
3 0.254890625 0.4201171875 0.10353125 0.056984375
3 0.3457421875 0.4142109375 0.127609375 0.061171875
1 0.853171875 0.42990625000000005 0.0225 0.026687499999999996
1 0.7465234375 0.33209375 0.009640625 0.03325
3 0.021718750000000002 0.494609375 0.043437500000000004 0.05796875
3 0.900546875 0.43097656250000005 0.0813125 0.070859375
3 0.6656015625 0.35565625 0.071140625 0.0368125
3 0.7660703125 0.3874375 0.098578125 0.0590625
3 0.39260156250000006 0.3847265625 0.035421875000000005 0.024984375
6 0.1410546875 0.380953125 0.23132812500000002 0.09153125
6 0.264953125 0.3068671875 0.17240625 0.028484375
1 0.9353750000000001 0.3564765625 0.024406249999999997 0.028296875
3 0.7908984374999999 0.4871875 0.155015625 0.12021875
1 0.44921875 0.34765625 0.8796875 0.0734375
