18 0.5708203125 0.2816953125 0.106484375 0.086265625
64 0.2669375 0.23927343750000002 0.11796875 0.09473437500000001
64 0.45103125 0.05834375000000001 0.10321875 0.11668750000000001
64 0.8290859374999999 0.11860937499999999 0.092484375 0.23199999999999998
64 0.19734374999999998 0.07600000000000001 0.09346875 0.11681250000000001
64 0.8950859375000001 0.11444531250000001 0.089953125 0.112453125
64 0.5143515624999999 0.0476640625 0.068484375 0.095328125
63 0.8802578125 0.42039843750000006 0.236734375 0.47635937500000003
63 0.1513671875 0.26201562500000003 0.291265625 0.34578125000000004
1 0.6994921875 0.29528125000000005 0.18782812499999998 0.24343750000000003
1 0.43071875000000004 0.3925078125 0.172 0.292203125
47 0.2554921875 0.29572656249999996 0.029953125000000004 0.035359375
75 0.3500703125 0.267125 0.042546875 0.028375
18 0.523234375 0.334515625 0.04975 0.08828125
47 0.41479687499999995 0.2157265625 0.0236875 0.028109375
64 0.980453125 0.09146874999999999 0.03909375 0.08159374999999999
64 0.5046171875000001 0.1341328125 0.095953125 0.078578125
84 0.878484375 0.2692421875 0.0686875 0.045890625000000004
72 0.3323984375 0.057390624999999994 0.207390625 0.10984374999999999
86 0.22066406249999998 0.11636718750000001 0.028109375 0.026796874999999998
86 0.24225000000000002 0.122328125 0.01715625 0.030156250000000002
31 0.704328125 0.5965390625 0.11474999999999999 0.14129687500000002
