3 0.7955703125 0.5523984375 0.408859375 0.226703125
4 0.461359375 0.031593750000000004 0.019875 0.030406250000000003
1 0.405796875 0.35950781249999997 0.11681250000000001 0.217328125
1 0.39557812499999995 0.112 0.03703125 0.09903125
1 0.3391796875 0.11633593749999999 0.026921875 0.093578125
1 0.35675781250000005 0.1076015625 0.017953125 0.104609375
1 0.0369453125 0.30842187499999996 0.069390625 0.20224999999999999
1 0.0265546875 0.5075703125 0.053109375 0.172640625
1 0.2751484375 0.1582421875 0.048296875 0.12998437499999999
8 0.6604375 0.2496328125 0.3853125 0.490265625
10 0.37259375 0.0210546875 0.0365 0.040703125
1 0.22464843750000002 0.188125 0.047078125 0.135125
1 0.3298359375 0.0217890625 0.019546875 0.039078125000000005
31 0.32496093750000005 0.09607812499999999 0.010609375 0.02515625
4 0.40791406249999995 0.39717187499999995 0.112296875 0.17175
31 0.38490624999999995 0.1199375 0.01578125 0.016843749999999998
31 0.056515625 0.275765625 0.03365625 0.08475
31 0.296375 0.1835 0.01015625 0.0305
