73 0.0979453125 0.5463125 0.19532812500000002 0.20659375
74 0.7644140625 0.643 0.061140625000000004 0.03628125
74 0.803796875 0.5776484375000001 0.0824375 0.031828125
76 0.516328125 0.591921875 0.37409375 0.072125
72 0.5552343750000001 0.4514140625 0.27715625 0.21398437499999998
72 0.7258906250000001 0.227140625 0.30378125 0.22321875000000002
72 0.41371875 0.25175000000000003 0.27021875 0.17790625
72 0.8475859374999999 0.45778125000000003 0.30270312499999996 0.22703125000000002
72 0.269375 0.44404687499999995 0.28028125 0.21315625
76 0.0838515625 0.5954843750000001 0.167703125 0.0489375
