67 0.23318750000000002 0.8820625 0.46637500000000004 0.2305
1 0.5510703125 0.50846875 0.397859375 0.959375
1 0.45955468750000006 0.31460156250000004 0.366296875 0.539328125
1 0.2980390625 0.32392187499999997 0.342484375 0.45109374999999996
49 0.289546875 0.5600859375 0.0443125 0.044234375
61 0.22696875 0.6550546875 0.24718749999999998 0.379765625
31 0.6432578125 0.782875 0.213484375 0.23128125000000002
31 0.47505468749999996 0.945703125 0.11485937500000001 0.10859375
32 0.36955468750000003 0.3159609375 0.049046875000000004 0.087765625
86 0.08742187500000001 0.39809375 0.10890625000000001 0.269125
1 0.6674140625 0.2314609375 0.10785937500000001 0.22023437499999998
31 0.23307031250000002 0.8307265625 0.20051562500000003 0.31510937499999997
86 0.0193203125 0.8368046874999999 0.037296875 0.157390625
