67 0.21381250000000002 0.7166484375 0.42762500000000003 0.457703125
1 0.2595859375 0.364375 0.349046875 0.458125
1 0.4287421875 0.20996875 0.182890625 0.290625
1 0.29903124999999997 0.07284375 0.21834375 0.1456875
47 0.3639609375 0.42529687499999996 0.08870312500000001 0.12671875
61 0.549109375 0.5293828125 0.1866875 0.152453125
47 0.471609375 0.63978125 0.09790625 0.141625
1 0.478125 0.48241406249999996 0.95625 0.9219531249999999
47 0.6593046874999999 0.40464843749999996 0.062390625 0.117109375
1 0.7053906249999999 0.22105468749999999 0.50171875 0.44210937499999997
