77 0.4608125 0.3293671875 0.0383125 0.019484375
1 0.5711718750000001 0.155359375 0.09590625 0.14984375
1 0.4691328125 0.4214375 0.39854687499999997 0.6011562500000001
1 0.866671875 0.2513671875 0.2234375 0.501046875
3 0.7454296875 0.28404687500000003 0.167515625 0.20346875
27 0.6149531250000001 0.4535234375 0.23290625 0.133046875
47 0.1171640625 0.494328125 0.047046875 0.08196875
64 0.8058515625 0.429015625 0.16439062499999998 0.15084375
31 0.5934375 0.452890625 0.1835 0.13665624999999998
84 0.2224609375 0.522140625 0.13273437500000002 0.02396875
