62 0.4741953125 0.07821875 0.696765625 0.15
67 0.5 0.441171875 1.0 0.59646875
1 0.5215937500000001 0.0773515625 0.5118750000000001 0.145796875
60 0.3640625 0.5498515625 0.27353125 0.255140625
60 0.6033984375 0.2549296875 0.179078125 0.139390625
60 0.783015625 0.6177890625 0.12196875 0.127078125
60 0.6288203125 0.5505234375 0.084234375 0.085390625
60 0.6398125000000001 0.47880468750000005 0.0921875 0.078390625
60 0.7317421875 0.4875546875 0.087296875 0.104171875
60 0.4109609375 0.2466484375 0.161015625 0.117046875
60 0.705734375 0.5489687499999999 0.08790624999999999 0.0813125
60 0.6693671875 0.6323203125000001 0.124078125 0.111203125
62 0.2998203125 0.10021093750000001 0.08820312500000001 0.093546875
