64 0.875765625 0.18609375 0.175875 0.15346875
85 0.8138984375000001 0.2424609375 0.019359375 0.023015625
1 0.7174140625 0.3470859375 0.355328125 0.613203125
32 0.7215546875000001 0.21809375 0.063890625 0.03334375
44 0.4974609375 0.55653125 0.075796875 0.22131249999999997
44 0.424859375 0.560734375 0.07665625000000001 0.21290625
44 0.4397578125 0.5060546874999999 0.048828125 0.129609375
44 0.17228125000000002 0.6326328125 0.050031250000000006 0.06832812499999999
44 0.0631015625 0.6412500000000001 0.043828125 0.051875000000000004
44 0.482234375 0.32437499999999997 0.06765625 0.1530625
44 0.30028125000000006 0.520390625 0.047281250000000004 0.1453125
44 0.2625390625 0.5606171875 0.08492187500000001 0.192359375
44 0.348234375 0.56234375 0.0781875 0.20968749999999997
44 0.46271093750000003 0.12049218750000001 0.024109375 0.086859375
44 0.48567187500000003 0.12306249999999999 0.020749999999999998 0.08621875
44 0.5062109375 0.12503906250000002 0.020171875 0.084140625
44 0.528328125 0.1253046875 0.0204375 0.085578125
44 0.46640625 0.24921875 0.5421875 0.3390625
