51 0.146125 0.7069765625 0.236375 0.451265625
51 0.81153125 0.47848437499999996 0.24228125 0.38378125
55 0.49209375 0.5076796875 0.528625 0.305140625
51 0.38499218749999997 0.39082031250000004 0.498265625 0.253265625
51 0.6411328125 0.1825703125 0.393546875 0.158328125
55 0.08159374999999999 0.5450390625 0.10918749999999999 0.111359375
55 0.08342187499999999 0.43828125 0.12203125 0.11953125
55 0.2101328125 0.3660546875 0.105671875 0.11682812499999999
55 0.309 0.3937265625 0.1298125 0.103421875
55 0.3914140625 0.3409375 0.12432812499999998 0.10703125
55 0.2883203125 0.44304687499999995 0.104296875 0.03815625
55 0.630875 0.2756953125 0.07946875 0.079484375
55 0.8248671875 0.36402343750000005 0.087015625 0.09273437500000001
55 0.24264062499999997 0.2626015625 0.13584374999999999 0.10370312500000001
55 0.73875 0.23579687500000002 0.10371875 0.08628125
55 0.608734375 0.20420312499999999 0.090125 0.07865625000000001
51 0.267 0.249203125 0.42471875 0.18628125
51 0.742625 0.28695312500000003 0.3900625 0.21315625
55 0.861484375 0.8688125000000001 0.1373125 0.11784375
55 0.478125 0.47734375 0.953125 0.9546875
