20 0.9078671875000001 0.5973906250000001 0.181078125 0.13021875
20 0.794 0.6128828125 0.13221875 0.083890625
20 0.7442500000000001 0.5425078125 0.14928125 0.170609375
20 0.6504375 0.5895078125000001 0.11775 0.134640625
20 0.60634375 0.4828046875 0.10378125 0.153546875
20 0.7026718750000001 0.427546875 0.09696875 0.0975625
20 0.5301328125 0.4263125 0.102578125 0.1595625
20 0.568265625 0.3773515625 0.06625 0.055578125
4 0.1536796875 0.3395390625 0.112359375 0.198765625
6 0.26032031250000004 0.0946015625 0.11560937499999999 0.152734375
1 0.16875 0.2553046875 0.11634375 0.219046875
1 0.3480546875 0.182921875 0.039953125 0.11615625
20 0.6318984375 0.42693749999999997 0.08039062500000001 0.12803124999999999
20 0.7483124999999999 0.379390625 0.08937500000000001 0.074875
20 0.8394375000000001 0.5073828125000001 0.1443125 0.098328125
20 0.481375 0.35506249999999995 0.0478125 0.123875
20 0.5270078125000001 0.29335156249999994 0.039015625 0.043703124999999995
1 0.225640625 0.0689765625 0.035562500000000004 0.026359375
20 0.48673437500000005 0.27407031249999997 0.04090625 0.049953125
1 0.27921093750000003 0.1608203125 0.028390625000000003 0.09423437500000001
8 0.3373515625 0.1072421875 0.039171875 0.045015625
20 0.5046875 0.296875 0.03125 0.1
