18 0.7908515625 0.420671875 0.381703125 0.24375
18 0.8456953125 0.3120546875 0.30860937499999996 0.168921875
44 0.220859375 0.034640625 0.035875000000000004 0.06515625
44 0.26203125 0.0368203125 0.04221875 0.073640625
82 0.8035859375 0.16071875 0.391890625 0.3214375
51 0.5010078124999999 0.37878125 0.11470312499999999 0.10646875
78 0.4923515625 0.036609375 0.23185937499999998 0.07321875
47 0.34048437500000006 0.171546875 0.044187500000000005 0.04953125
47 0.3811328125 0.1751328125 0.032640625 0.056703125
49 0.49693750000000003 0.2718828125 0.026375 0.033734375
51 0.37775 0.3414609375 0.09003125 0.050203125
18 0.9391484375 0.5346953125 0.121703125 0.261859375
47 0.3350625 0.14396875 0.0475 0.04203125
47 0.2614765625 0.050578125 0.037828125000000004 0.044687500000000005
50 0.5611875000000001 0.3371328125 0.009156250000000001 0.029015625
46 0.421609375 0.1706796875 0.03828125 0.040984375
51 0.385890625 0.386859375 0.10906249999999999 0.106125
47 0.4704140625 0.1767265625 0.023453125 0.031734374999999995
50 0.567390625 0.320125 0.0038125 0.006687500000000001
50 0.5746875 0.3402421875 0.00784375 0.017578125
