64 0.2923046875 0.6234140625 0.168078125 0.248203125
64 0.052117187499999995 0.6322734375 0.10423437499999999 0.23545312499999999
64 0.6247031249999999 0.6186953125 0.30421875 0.258296875
88 0.5749609375 0.3265234375 0.205234375 0.293734375
88 0.740734375 0.3446640625 0.17696875 0.345515625
88 0.39753125 0.304953125 0.20046875000000003 0.31984375
88 0.397046875 0.461171875 0.1484375 0.17046875
88 0.838546875 0.0362421875 0.12146874999999999 0.072484375
88 0.4274921875 0.681890625 0.137765625 0.13621875
88 0.2667890625 0.41825781250000005 0.14360937499999998 0.20410937499999998
88 0.0421171875 0.4143046875 0.082953125 0.153296875
88 0.8646874999999999 0.6929062500000001 0.14484375 0.1141875
88 0.203578125 0.030343750000000003 0.08225 0.060687500000000005
88 0.6848906250000001 0.0378046875 0.10696874999999999 0.072484375
