1 0.14634375 0.445765625 0.1365 0.1975625
1 0.6634765625000001 0.5168203125 0.143578125 0.11976562500000001
1 0.5158515625 0.8337578125 0.07223437499999999 0.178828125
1 0.5479453125 0.510046875 0.09310937500000001 0.120125
1 0.37838281250000005 0.5754453125 0.738734375 0.8265781249999999
52 0.39433593749999996 0.5858125 0.088953125 0.137875
52 0.5368828125 0.37291406250000003 0.11164062500000001 0.098734375
52 0.16628906250000003 0.72965625 0.062921875 0.1528125
52 0.502875 0.2923125 0.1025625 0.12468749999999999
52 0.471078125 0.2745625 0.10831249999999999 0.12753125
52 0.451734375 0.249625 0.1055625 0.13359375
52 0.38559375 0.238921875 0.0811875 0.134
52 0.3540625 0.24140625 0.09028125000000001 0.14578125
52 0.2968828125 0.2974453125 0.094796875 0.22751562500000003
52 0.443125 0.6350859375 0.10353125 0.130859375
52 0.15395312500000002 0.6131171875 0.1360625 0.11554687500000001
52 0.5341171875 0.345578125 0.11101562499999999 0.109625
1 0.6690390625 0.855140625 0.161921875 0.170875
1 0.5455625000000001 0.5346015625 0.056406250000000005 0.055953125000000006
1 0.7385937499999999 0.5195 0.021281249999999998 0.0865
1 0.5753984375 0.8081328125 0.103359375 0.146859375
52 0.22655468750000002 0.525671875 0.09664062500000001 0.10353125
52 0.34296875 0.534375 0.4984375 0.728125
