16 0.9328671875000001 0.3489609375 0.015078125000000001 0.027578125
16 0.9648671875 0.3528203125 0.025859375 0.016421875
1 0.6119375 0.1770234375 0.022468750000000003 0.031015625
24 0.7344843750000001 0.598265625 0.38440625 0.25140625
1 0.60584375 0.15971875 0.012625 0.0255625
3 0.5961015625 0.17235937499999998 0.300515625 0.10265625
3 0.210890625 0.1739765625 0.29940625 0.102421875
3 0.06107031250000001 0.19440625 0.12176562500000002 0.0983125
3 0.066234375 0.1125078125 0.12915625 0.069359375
3 0.33574218749999996 0.11440625000000001 0.164609375 0.0925625
3 0.44162499999999993 0.17146875 0.16084375 0.09190625
3 0.608265625 0.12298437499999999 0.19368749999999998 0.0499375
1 0.7454296874999999 0.1885078125 0.046578125 0.05142187499999999
1 0.6124765625 0.2370703125 0.028953125000000003 0.09098437499999999
3 0.1187578125 0.13089062499999998 0.151078125 0.06715625
3 0.7661796875 0.1380390625 0.148484375 0.058703125
3 0.6528437500000001 0.1897578125 0.1665 0.044796875
3 0.8305781250000001 0.22224218750000002 0.14640625000000002 0.109078125
3 0.935875 0.1819296875 0.1280625 0.039640625
3 0.9278671875 0.15857812500000001 0.144265625 0.06825
3 0.56015625 0.11015625 0.8765625 0.0984375
