2 0.06023437499999999 0.27430468750000003 0.00871875 0.021796875
4 0.6154296874999999 0.2909375 0.014265625 0.0224375
6 0.52646875 0.20578124999999997 0.0475625 0.0679375
6 0.7237734374999999 0.38792187499999997 0.11173437500000001 0.1765
6 0.7401015624999999 0.2573515625 0.081703125 0.097203125
8 0.2703984375 0.29400781249999997 0.110671875 0.128046875
8 0.1091953125 0.3441875 0.11382812499999999 0.09028125000000001
8 0.2547265625 0.3871640625 0.128484375 0.111578125
8 0.2129765625 0.1993671875 0.058234375000000005 0.055984374999999996
10 0.6301171875 0.09609374999999999 0.020609375 0.055437499999999994
10 0.089 0.0784609375 0.019375 0.053609375
10 0.22642968750000003 0.1130546875 0.021359375 0.010140625
10 0.5433125000000001 0.11125781250000001 0.02415625 0.008609374999999999
1 0.684828125 0.250359375 0.0165 0.0505
1 0.5817187500000001 0.23121875 0.010437499999999999 0.0141875
1 0.5891953125 0.231953125 0.007484375 0.009625
1 0.043984375000000006 0.24935156249999996 0.02025 0.024734375
1 0.6129296875 0.23171875 0.011296875000000001 0.011125
1 0.075875 0.26021875 0.0128125 0.050624999999999996
1 0.07957031249999999 0.24728124999999998 0.014578125 0.046875
3 0.6895078124999999 0.45398437499999994 0.11782812499999999 0.08190625
3 0.641890625 0.4784531249999999 0.14765625 0.034937499999999996
3 0.49334374999999997 0.46051562499999993 0.11765624999999999 0.08209375
8 0.5805468749999999 0.21533593750000002 0.08349999999999999 0.075421875
3 0.44078125 0.443734375 0.10974999999999999 0.09440625
3 0.41333593750000003 0.38703906250000003 0.10395312500000001 0.11960937499999999
3 0.10742968749999998 0.3959140625 0.100296875 0.083828125
3 0.106203125 0.47357031250000003 0.14065624999999998 0.055953125000000006
3 0.5861796875 0.41260937500000006 0.112421875 0.07906250000000001
3 0.270828125 0.45985156250000003 0.131 0.083421875
3 0.6306875 0.38362500000000005 0.08240625 0.065625
3 0.5491953125000001 0.33149218750000004 0.070921875 0.06348437500000001
10 0.19737500000000002 0.10752343749999999 0.02809375 0.008984375
10 0.5731640625000001 0.108578125 0.036234375 0.012531249999999999
10 0.461578125 0.1363515625 0.01415625 0.003546875
10 0.2918046875 0.11509375 0.017078125 0.005124999999999999
3 0.489265625 0.210140625 0.0303125 0.0280625
3 0.390625 0.26484375 0.778125 0.4453125
