44 0.40733593749999997 0.12149218750000002 0.019265625 0.042984375000000005
44 0.48014843749999997 0.1537734375 0.031328125 0.100859375
44 0.4563984375 0.1517265625 0.036546875 0.096421875
44 0.4335390625 0.1523671875 0.027296874999999998 0.097390625
82 0.6901171875000001 0.448359375 0.11976562500000001 0.43425
49 0.10834374999999999 0.4084140625 0.0164375 0.161953125
51 0.256671875 0.16589062499999999 0.10915625 0.05178125
51 0.135359375 0.153484375 0.15884375 0.064875
51 0.3701875 0.169953125 0.12225 0.05846875
49 0.159 0.39490624999999996 0.021968750000000002 0.147875
49 0.17882812499999998 0.396796875 0.009156250000000001 0.09065625000000001
49 0.1325546875 0.3941015625 0.013203125 0.08707812499999999
50 0.389296875 0.40121875 0.02809375 0.15540625
50 0.29202343750000004 0.4113203125 0.024703125 0.117796875
50 0.2663828125 0.6974374999999999 0.027765625 0.10593749999999999
