8 0.7392109375 0.44803906250000003 0.434078125 0.397546875
10 0.5599687499999999 0.28714843749999996 0.029656250000000002 0.047015625
1 0.39646875 0.5477734375000001 0.1180625 0.442828125
1 0.6683046875 0.6514375 0.20201562499999998 0.59828125
1 0.877640625 0.6266406250000001 0.15721875000000002 0.55796875
1 0.142140625 0.6375 0.18090625 0.6159687500000001
1 0.3148203125 0.4991953125 0.07523437499999999 0.22570312499999998
1 0.25773437499999996 0.49814843750000004 0.0595 0.21585937500000002
1 0.43974218749999994 0.49041406249999997 0.043078125 0.144234375
1 0.5579999999999999 0.5197265625 0.07978125 0.25060937499999997
1 0.5946875 0.4200625 0.027687499999999997 0.05278125
1 0.22650000000000003 0.47489843750000005 0.036625000000000005 0.160953125
1 0.0175390625 0.41351562500000005 0.035015625 0.0578125
8 0.5023281249999999 0.43086718749999997 0.03625 0.035921875
8 0.3055234375 0.396640625 0.42739062499999997 0.21793749999999998
1 0.551796875 0.4154140625 0.02284375 0.027859375
27 0.225375 0.45111718750000007 0.038625 0.066765625
1 0.038406249999999996 0.50465625 0.07681249999999999 0.25728125
1 0.3015625 0.4859375 0.4875 0.2125
