44 0.7278828125 0.30421875000000004 0.063890625 0.177625
63 0.72903125 0.34355468749999996 0.5419375 0.293546875
62 0.13439062499999999 0.2576953125 0.181875 0.157734375
62 0.6346875000000001 0.248890625 0.16496875 0.13421875
67 0.45359375 0.5367734375 0.79478125 0.423609375
47 0.5221328125000001 0.31006249999999996 0.051546875000000006 0.0925625
73 0.336390625 0.3163671875 0.26303125 0.18001562499999998
74 0.4286875 0.3980625 0.07571875 0.0400625
75 0.6190234375 0.415 0.133234375 0.0466875
62 0.5075000000000001 0.24371874999999998 0.09690625 0.10621875
62 0.8414453125 0.35084375 0.313296875 0.29118750000000004
62 0.1771171875 0.6569140625000001 0.354234375 0.18617187500000001
