64 0.7513203125 0.069015625 0.10735937499999999 0.09909375000000001
72 0.392234375 0.21853125 0.07271875 0.0643125
62 0.0263125 0.33339843750000003 0.05190625 0.05354687500000001
46 0.8607265625 0.2632734375 0.035484375 0.050953125
46 0.82440625 0.2626484375 0.03578125 0.053140625
46 0.7931484375 0.2624375 0.026671875 0.04840625
44 0.7580234375 0.251671875 0.042046875 0.017093749999999998
62 0.047703125 0.3469453125 0.09181249999999999 0.127953125
64 0.43342187499999996 0.22760156250000002 0.023 0.037859375
86 0.7492421874999999 0.086625 0.079453125 0.06796875
86 0.4421875 0.24443749999999997 0.005875 0.01803125
63 0.182015625 0.40092187500000004 0.3591875 0.1173125
