85 0.503046875 0.1727890625 0.049125 0.050390625
1 0.4876953125 0.44327343750000003 0.021203125 0.080171875
1 0.46167968750000005 0.44329687500000003 0.040640625 0.080625
1 0.9141640624999999 0.49636718750000003 0.093890625 0.26360937500000003
1 0.42599999999999993 0.44334375000000004 0.02303125 0.08340625
1 0.3352421875 0.45349999999999996 0.027796875 0.0915
1 0.6496953124999999 0.4595078125 0.06476562500000001 0.049046875000000004
1 0.35309375000000004 0.45140624999999995 0.0165625 0.09343749999999999
15 0.962453125 0.5885859375 0.07509375 0.069578125
15 0.17450000000000002 0.5974609375 0.29109375000000004 0.070765625
15 0.2962421875 0.5242421875 0.170046875 0.042859375
15 0.327203125 0.49437499999999995 0.09253125 0.02759375
15 0.7372343749999999 0.49166406250000005 0.1189375 0.028734375
1 0.5638515624999999 0.43235156250000006 0.014765625 0.040953125
1 0.5419453125 0.43532812499999995 0.011453125 0.0415625
1 0.4785234375 0.4334453125 0.010078125 0.050515624999999995
15 0.386640625 0.4946484375 0.028875 0.023109374999999998
15 0.642703125 0.47520312499999995 0.0258125 0.024406249999999997
15 0.6147109375 0.4641953125 0.016390625 0.015390625
15 0.6960703125000001 0.47228906249999997 0.045484375 0.014453125
1 0.954078125 0.46721875 0.0355 0.13528125
1 0.8615078125000001 0.47205468749999996 0.034015625 0.131328125
15 0.8052109375000001 0.5225625 0.10120312499999999 0.04009375
15 0.38644531249999997 0.47642187500000005 0.060265625 0.022468750000000003
31 0.9646562499999999 0.4598671875 0.018187500000000002 0.027671875000000002
