1 0.2759609375 0.35822656249999996 0.180453125 0.330421875
1 0.1046875 0.32884375 0.20703125 0.37759375
1 0.4652421875 0.309359375 0.252765625 0.42815624999999996
1 0.6769375 0.341703125 0.20350000000000001 0.33759375
57 0.2690078125 0.3187734375 0.016859375 0.049984375
57 0.2883984375 0.3153125 0.019328124999999998 0.0363125
57 0.289609375 0.3028046875 0.022468750000000003 0.029640624999999997
50 0.433171875 0.22877343749999998 0.035125 0.013859374999999998
57 0.3052265625 0.34574999999999995 0.017140625 0.03103125
57 0.2798671875 0.3176875 0.025734374999999997 0.055125
