35 0.5556484374999999 0.541859375 0.18882812499999999 0.04571875
35 0.1925078125 0.528765625 0.185203125 0.0783125
35 0.733984375 0.5098828125 0.07265625 0.037859375
1 0.19341406249999998 0.43243750000000003 0.10304687500000001 0.2516875
1 0.7449375 0.3935390625 0.09775 0.244390625
1 0.464453125 0.2999453125 0.052593749999999995 0.083234375
1 0.66909375 0.42640625 0.12471874999999999 0.37078125
1 0.460546875 0.3832109375 0.0590625 0.154546875
1 0.425609375 0.3672109375 0.028968749999999998 0.123046875
1 0.592421875 0.41797656250000004 0.07584375 0.28314062500000003
1 0.35662499999999997 0.3783046875 0.0838125 0.24704687500000003
1 0.0401953125 0.3723828125 0.063546875 0.07814062499999999
35 0.0424453125 0.4072890625 0.067765625 0.017640625
35 0.45160156250000005 0.46020312500000005 0.103734375 0.01846875
35 0.35521874999999997 0.49780468750000006 0.1594375 0.034328125
35 0.64871875 0.6095624999999999 0.3225625 0.054625
35 0.5494296875 0.567 0.150828125 0.025124999999999998
