16 0.498984375 0.243421875 0.00596875 0.0063750000000000005
16 0.5137421875 0.3378671875 0.013421875 0.010953125
16 0.5442265625 0.232125 0.014984375 0.0108125
16 0.5132890625000001 0.225203125 0.009828125 0.005375
16 0.59778125 0.30041406249999997 0.0090625 0.006390625
16 0.5823046875000001 0.32146874999999997 0.005265625 0.0062812499999999995
16 0.5739453125 0.3541875 0.008765625 0.00678125
16 0.5835078125000001 0.386265625 0.008890625000000001 0.007531250000000001
16 0.27434375 0.3672109375 0.00646875 0.004890625
16 0.29169531249999997 0.334296875 0.005046875 0.007062499999999999
16 0.6029921874999999 0.2341328125 0.008359374999999999 0.006953125
16 0.5527578125 0.3756953125 0.005890625 0.004796875
16 0.48832812500000006 0.257265625 0.00484375 0.00565625
16 0.46640625 0.3046875 0.4078125 0.171875
