2 0.3890859375 0.762921875 0.07864062499999999 0.13387500000000002
1 0.29457812499999997 0.676125 0.030156250000000002 0.0310625
2 0.098 0.726796875 0.038125 0.07375000000000001
8 0.3504375 0.6757734375000001 0.0225 0.033265625
10 0.7261484375 0.6154609375000001 0.006984374999999999 0.019296874999999998
10 0.7172421875 0.60640625 0.0072968749999999995 0.01515625
11 0.5054062500000001 0.7235468749999999 0.02359375 0.07415625
2 0.28704687500000003 0.713296875 0.032625 0.041031250000000005
2 0.2030625 0.7165312500000001 0.039875 0.057125
2 0.0160390625 0.7532968750000001 0.025671875 0.039875
2 0.047289062500000006 0.8655859375 0.09323437500000001 0.195421875
2 0.20960156249999998 0.71365625 0.032234374999999996 0.057625
