82 0.094796875 0.343203125 0.18959375 0.68640625
49 0.9541562499999999 0.06034375 0.01890625 0.01990625
17 0.509 0.5194453125 0.14878125 0.137890625
49 0.9596093750000001 0.048890625 0.02134375 0.0228125
49 0.96903125 0.0323671875 0.022 0.027765625
49 0.9626953125 0.033453125 0.029578125 0.03696875
49 0.9521171875000001 0.047984374999999996 0.018828125 0.024531249999999998
79 0.5074921875 0.1950859375 0.15432812499999998 0.223015625
81 0.7629609375 0.05315625 0.193578125 0.055937499999999994
78 0.8606328125 0.01240625 0.047015625 0.022875
