37 0.9245234375 0.286109375 0.029859375 0.02734375
37 0.6104609375000001 0.319203125 0.018046875 0.017656250000000002
37 0.360375 0.2959921875 0.02084375 0.020984375
40 0.5894609375 0.46556250000000005 0.052671875 0.0835625
40 0.325125 0.40996875 0.0249375 0.03359375
1 0.8212265625 0.61475 0.199328125 0.5621875000000001
1 0.5149609375 0.588515625 0.198515625 0.38434375
1 0.3432578125 0.4590234375 0.083484375 0.192796875
1 0.0755703125 0.61796875 0.151140625 0.43184374999999997
1 0.73634375 0.43996875 0.0671875 0.1876875
1 0.025750000000000002 0.4024921875 0.051500000000000004 0.23029687499999998
40 0.736609375 0.3927734375 0.03334375 0.034046875
40 0.5163828125 0.3901640625 0.035515625 0.027515625
40 0.766453125 0.628484375 0.01728125 0.051468749999999994
1 0.5411796875 0.44906250000000003 0.08251562500000001 0.192
