44 0.6891015625000001 0.2416953125 0.022234375 0.069078125
44 0.0801015625 0.2857578125 0.024734375 0.069890625
47 0.405703125 0.2562890625 0.01928125 0.019109375
50 0.133625 0.2659609375 0.02759375 0.025078125
51 0.48072656250000007 0.0759609375 0.034953125 0.012328124999999999
79 0.2707890625 0.3803359375 0.119109375 0.180890625
80 0.29882812499999994 0.2508359375 0.039125 0.033734375
46 0.64334375 0.1246171875 0.017 0.026828125
47 0.48785156249999995 0.2537109375 0.018390625 0.029046875
47 0.643984375 0.167796875 0.0169375 0.00990625
78 0.21028906249999998 0.17620312500000002 0.134578125 0.08778125
44 0.234234375 0.24997656250000003 0.0380625 0.055859375
44 0.2534765625 0.246484375 0.007578125 0.046218749999999996
44 0.36303124999999997 0.24244531249999995 0.0185 0.034359375
48 0.11774218750000001 0.2604375 0.018203125 0.04059375
51 0.6376796875 0.0856328125 0.038046875 0.019390625
51 0.47910937499999995 0.08477343749999999 0.049375 0.012921875
46 0.6580859375 0.161140625 0.019484375 0.021124999999999998
50 0.09275 0.26370312500000004 0.0174375 0.0345625
81 0.7227265625 0.34796875 0.054546874999999995 0.07315625
