21 0.0827109375 0.3750546875 0.051765625 0.05682812499999999
21 0.14203125 0.38496093749999993 0.0395625 0.023890625
1 0.31409375 0.2681953125 0.013468749999999998 0.023234374999999998
1 0.23265624999999998 0.26896875000000003 0.013218750000000001 0.01246875
20 0.14163281249999998 0.3848046875 0.040765625 0.024296875000000002
42 0.2325 0.27390624999999996 0.01571875 0.0011875
20 0.2834453125 0.35615625 0.123828125 0.10059375
20 0.47628125 0.3623515625 0.11775 0.093796875
20 0.6288671874999999 0.3745859375 0.154140625 0.119890625
20 0.0838828125 0.37427343750000003 0.048984375000000004 0.054109375
20 0.2311796875 0.33203125 0.044078125 0.060906249999999995
42 0.313 0.266515625 0.0141875 0.00546875
