35 0.7354765625 0.5866484375000001 0.48548437499999997 0.121203125
35 0.584921875 0.515609375 0.2301875 0.032625
1 0.5809843749999999 0.36057812499999997 0.40031249999999996 0.46328125
1 0.043421875 0.43105468750000003 0.073625 0.106640625
1 0.1734375 0.40389843750000004 0.13353125 0.206734375
1 0.3066875 0.36500781250000003 0.1329375 0.288734375
1 0.93603125 0.41478125 0.04503125 0.15912500000000002
1 0.4998984375 0.152515625 0.20635937499999998 0.10293749999999999
1 0.706234375 0.42253125 0.043187500000000004 0.073875
1 0.7253124999999999 0.3570078125 0.03003125 0.091921875
1 0.3166875 0.369015625 0.16778125 0.27675
1 0.8585703124999999 0.4447578125 0.034984375 0.099109375
1 0.7428984375000001 0.42646875 0.027546875 0.0411875
1 0.8070390625 0.3752109375 0.023390625 0.042203125
1 0.8868984375 0.3571875 0.022609375 0.09890625
1 0.5 0.45234375000000004 0.996875 0.4265625
