9 0.1305234375 0.3123125 0.093328125 0.11956249999999999
1 0.6059843749999999 0.2875078125 0.00621875 0.022953124999999998
1 0.6233437500000001 0.2855 0.0073124999999999996 0.022218750000000002
1 0.6716328125 0.31262500000000004 0.010421875 0.0251875
1 0.13316406249999999 0.35628125 0.021390625 0.01509375
1 0.153984375 0.353515625 0.01440625 0.016875
9 0.625765625 0.34040625 0.030906250000000003 0.0166875
16 0.096671875 0.17540624999999999 0.01225 0.014374999999999999
16 0.32528124999999997 0.21105468749999998 0.01678125 0.009859375
16 0.0156640625 0.20767968750000002 0.0037343750000000003 0.0045156250000000005
9 0.20935156249999998 0.29582031249999996 0.014203125 0.029984375
