9 0.3048046875 0.43450000000000005 0.181421875 0.06434375
1 0.11263281250000001 0.3733203125 0.011359375 0.026015624999999997
1 0.12378906249999999 0.37332031250000003 0.010984375000000001 0.024296875000000002
1 0.1555078125 0.3723046875 0.008984375 0.027578125
1 0.19401562499999997 0.37034375 0.01496875 0.025875
1 0.264484375 0.36184375 0.009625 0.015187500000000001
1 0.22304687500000003 0.36932812499999995 0.0138125 0.0316875
1 0.2421875 0.36892187499999995 0.008624999999999999 0.027250000000000003
1 0.271328125 0.370921875 0.00971875 0.02090625
16 0.560703125 0.214140625 0.010843750000000001 0.00659375
1 0.20861718749999997 0.37529687500000003 0.005484375 0.017468749999999998
1 0.26789843750000003 0.426328125 0.023140625 0.031156250000000003
1 0.174609375 0.3724609375 0.012687499999999999 0.025671875
1 0.48593749999999997 0.36517187500000003 0.01009375 0.0278125
1 0.50446875 0.36690625 0.013250000000000001 0.0245
16 0.393390625 0.1500234375 0.0043749999999999995 0.010109375
1 0.3125 0.29453125 0.378125 0.3046875
