90 0.47571093749999993 0.38717187500000005 0.075953125 0.389875
90 0.4109765625 0.32292968750000006 0.035734375 0.30798437500000003
90 0.410078125 0.642921875 0.042249999999999996 0.27296875
90 0.3747578125 0.26456250000000003 0.034890624999999995 0.27634375
90 0.3042578125 0.56628125 0.035265625 0.24934375000000003
90 0.27753125 0.6940000000000001 0.02834375 0.17450000000000002
90 0.37134375000000003 0.6899375000000001 0.02434375 0.16640625
90 0.46773437500000004 0.720375 0.05071875 0.10146875
90 0.5011015625 0.5488203125 0.038421875 0.078203125
90 0.3577578125 0.63846875 0.030140624999999997 0.07334375
90 0.256546875 0.208109375 0.02734375 0.17175
90 0.3176640625 0.720171875 0.026734374999999998 0.12215625000000001
90 0.112015625 0.31384375 0.017906250000000002 0.1290625
90 0.259375 0.38671875 0.51875 0.7734375
