32 0.0765390625 0.2603046875 0.024921875 0.05795312500000001
1 0.8053359375 0.18748437499999998 0.034359375 0.05884374999999999
1 0.647453125 0.370390625 0.12221875 0.47734375
1 0.705953125 0.1786015625 0.07571875 0.094109375
1 0.7695859375 0.3791796875 0.148078125 0.486140625
1 0.872046875 0.34178125 0.1525625 0.44425
1 0.95471875 0.3734921875 0.0905625 0.424796875
1 0.5156328124999999 0.342515625 0.18357812499999998 0.5805625
1 0.335390625 0.30096093749999997 0.135625 0.319453125
1 0.190953125 0.3804921875 0.10465625 0.368046875
1 0.1351328125 0.3676875 0.094703125 0.3630625
32 0.8664375000000001 0.25628906250000005 0.02365625 0.096703125
46 0.3534453125 0.17089062500000002 0.026078125 0.03821875
46 0.4925859375 0.0614296875 0.030109375 0.046796875
46 0.7144921875 0.24005468749999997 0.027390625000000002 0.044359375
46 0.6386171875000001 0.2152734375 0.026734374999999998 0.037421875
1 0.4001171875 0.36347656250000004 0.204921875 0.43376562500000004
1 0.2589765625 0.3718203125 0.10760937500000001 0.395578125
46 0.8679140625 0.24289062499999997 0.028078125 0.041499999999999995
46 0.28265625000000005 0.196734375 0.02375 0.0355
46 0.21890625 0.23919531249999998 0.0233125 0.042359375
46 0.168078125 0.24319531249999998 0.02334375 0.034140625
46 0.917015625 0.2230546875 0.02665625 0.024484375
46 0.8303203124999999 0.16641406250000002 0.025328125 0.032265625
46 0.6106640624999999 0.1565078125 0.010140625 0.025359375
46 0.9751015624999999 0.12361718749999999 0.034578125 0.015546874999999998
1 0.052140625 0.205390625 0.10400000000000001 0.1769375
46 0.09387500000000001 0.24652343750000003 0.014000000000000002 0.015453125000000002
46 0.38671875 0.16171875 0.6890625 0.0859375
1 0.5296875 0.33671874999999996 0.890625 0.4203125
