19 0.22445312499999998 0.311921875 0.10193749999999999 0.10140625
19 0.3251953125 0.43563281249999997 0.132765625 0.112671875
19 0.6414687499999999 0.2917265625 0.044625 0.12160937499999999
19 0.7204140625000001 0.2099921875 0.07520312500000001 0.10892187499999999
61 0.3917890625 0.2733671875 0.778921875 0.479109375
19 0.2815234375 0.26184375000000004 0.079515625 0.10878125000000001
19 0.2489140625 0.240984375 0.10232812499999999 0.090125
19 0.5830625 0.17646874999999998 0.06646875 0.061906249999999996
19 0.561875 0.150703125 0.063 0.056374999999999995
19 0.5279218750000001 0.1564375 0.031718750000000004 0.054156249999999996
19 0.24457812499999998 0.2232578125 0.0995 0.070140625
44 0.6364296875 0.0338046875 0.08745312499999999 0.067328125
