56 0.90478125 0.2816328125 0.11881250000000002 0.073109375
56 0.5731875 0.2606328125 0.08225 0.10882812500000001
56 0.558078125 0.41568750000000004 0.1008125 0.106125
56 0.5765078125 0.5788437500000001 0.089234375 0.11009374999999999
56 0.354609375 0.321015625 0.08096875 0.10184375000000001
56 0.1504765625 0.316703125 0.061140625000000004 0.08065625
56 0.470265625 0.17775 0.07846875 0.059
56 0.594515625 0.0739609375 0.06168749999999999 0.078015625
56 0.6959531250000001 0.14209375 0.0610625 0.062125
59 0.5005859375 0.370578125 0.9976406250000001 0.739375
56 0.8265781249999999 0.4293828125 0.10303124999999999 0.101421875
56 0.6761484375 0.1506484375 0.048921875 0.022234375
56 0.36408593749999996 0.441734375 0.111234375 0.09718750000000001
56 0.0390625 0.661140625 0.078125 0.125
56 0.40859375 0.36015625 0.7390625 0.6515625
