1 0.26625 0.38665625000000003 0.0390625 0.05290625
1 0.3621796875 0.37361718749999995 0.041171875000000004 0.059515625
1 0.5010390625 0.353234375 0.023359374999999998 0.04871875
1 0.530796875 0.3414921875 0.02690625 0.056546874999999996
27 0.26009375 0.3774921875 0.021406249999999998 0.026703125
27 0.35828125 0.35890625 0.013125000000000001 0.0204375
27 0.49646874999999996 0.33910156249999995 0.01634375 0.017828125
1 0.5438671875 0.33495312499999996 0.014359374999999999 0.0393125
27 0.528 0.3324375 0.013125000000000001 0.0200625
27 0.5406796875000001 0.3259765625 0.010921875000000001 0.011140625
35 0.5007578125000001 0.374078125 0.021265625 0.006812500000000001
35 0.264078125 0.4115390625 0.052031249999999994 0.011734375
35 0.5443046874999999 0.3493828125 0.009671875 0.009671875
35 0.35479687499999996 0.398421875 0.0295 0.01009375
35 0.5283203125 0.367703125 0.012234375 0.010249999999999999
