1 0.469703125 0.4978984375 0.23809375 0.303109375
1 0.7670625 0.183234375 0.02421875 0.0605625
15 0.22224999999999998 0.2600390625 0.055437499999999994 0.046203125
15 0.51825 0.253734375 0.16312500000000002 0.07731249999999999
15 0.6096406249999999 0.2314296875 0.22915625 0.108421875
8 0.45095312499999995 0.159 0.17865625000000002 0.05828124999999999
15 0.48287500000000005 0.2127734375 0.19690625 0.079234375
15 0.7829375 0.236140625 0.0371875 0.01565625
67 0.3056953125 0.2490234375 0.135296875 0.122265625
67 0.5872499999999999 0.20717187499999998 0.1921875 0.054625
15 0.9413593749999999 0.2456640625 0.11690624999999999 0.105609375
67 0.9469062499999998 0.21835156249999998 0.10618749999999999 0.060578125000000003
67 0.4815078125 0.19158593750000003 0.198453125 0.043984375
15 0.39503125 0.241875 0.07346875 0.03871875
15 0.3068125 0.24837499999999998 0.13409374999999998 0.11528125
34 0.48309375 0.5264140625 0.08103125 0.048890625
