1 0.44491406250000004 0.37322656249999997 0.074828125 0.18551562500000002
1 0.8206249999999999 0.36007031250000004 0.042812499999999996 0.09573437500000001
1 0.5071640625 0.33387500000000003 0.035296875 0.054093749999999996
1 0.13742187500000003 0.3614296875 0.027500000000000004 0.083078125
2 0.0084375 0.335953125 0.016875 0.02384375
37 0.42912500000000003 0.34474218749999996 0.00540625 0.004734375
40 0.435234375 0.347890625 0.024406249999999997 0.0203125
40 0.137265625 0.35233593750000003 0.013375000000000001 0.011078125
40 0.8291874999999999 0.37024999999999997 0.01603125 0.01390625
1 0.9589453125 0.294203125 0.008109375 0.00953125
40 0.5061484375 0.3396875 0.008609374999999999 0.00959375
