20 0.1279765625 0.5506640625 0.254921875 0.22367187500000002
20 0.056015625 0.4169921875 0.11071875 0.067953125
20 0.14465625 0.41079687499999995 0.1531875 0.10115624999999999
6 0.8945234375000001 0.340921875 0.210953125 0.62528125
1 0.5005859374999999 0.4539765625 0.193109375 0.399578125
1 0.8193593750000001 0.16664062500000001 0.0209375 0.051937500000000004
20 0.16164843750000002 0.33771093750000003 0.12032812500000001 0.072015625
20 0.18690625 0.3364375 0.12825 0.07628125
20 0.10689062499999999 0.466171875 0.2125625 0.1469375
20 0.6820234374999999 0.3511875 0.052671875 0.13771875
20 0.759984375 0.32109375 0.04915625 0.11671875000000001
20 0.370890625 0.4013125 0.12634375 0.19268749999999998
20 0.34909375000000004 0.38134375 0.14428125 0.214625
20 0.6404609375 0.3577890625 0.080203125 0.134265625
20 0.747421875 0.3085546875 0.02340625 0.077859375
20 0.8338671874999999 0.263109375 0.031703125 0.08478125
20 0.68671875 0.3109375 0.2109375 0.159375
