58 0.32752343749999996 0.4313125 0.045828125 0.043125000000000004
58 0.4088515625 0.3878671875 0.21564062499999997 0.173671875
62 0.12893749999999998 0.45278906249999995 0.25787499999999997 0.308859375
1 0.5041328125 0.35471874999999997 0.891578125 0.598375
1 0.265328125 0.119796875 0.23728125000000003 0.22125
1 0.098390625 0.153609375 0.10134375 0.21106250000000001
47 0.3056953125 0.22923437500000002 0.042640625 0.047375
47 0.13791406250000002 0.25207812500000004 0.053828125000000004 0.0576875
67 0.135078125 0.28150000000000003 0.27015625 0.055218750000000004
67 0.83959375 0.634203125 0.3208125 0.04796875
62 0.723046875 0.401328125 0.1345625 0.1229375
