54 0.4269765625 0.221046875 0.338890625 0.1765625
67 0.5 0.3707890625 1.0 0.741578125
48 0.30961718749999995 0.05948437499999999 0.044609375 0.020749999999999998
48 0.35343749999999996 0.0570703125 0.037125000000000005 0.021765625
48 0.8891953125000001 0.1613203125 0.22160937500000003 0.122890625
51 0.4061796875 0.456734375 0.542703125 0.37415625
61 0.1786875 0.106015625 0.23321874999999997 0.21140625000000002
48 0.5983125000000001 0.6539375000000001 0.094375 0.17528125
47 0.7110078125 0.0692109375 0.158203125 0.138421875
50 0.6 0.6613515624999999 0.096875 0.177296875
