77 0.7882421875 0.2958984375 0.074078125 0.032578125
67 0.5 0.491296875 1.0 0.5005625
1 0.17443750000000002 0.3106796875 0.34550000000000003 0.514046875
1 0.9257734375000001 0.21564843749999998 0.14845312500000002 0.332828125
47 0.7821796875 0.6682578124999999 0.148015625 0.163484375
47 0.26296875 0.4996953125 0.07893750000000001 0.07257812500000001
47 0.14217968749999998 0.4795703125 0.130984375 0.176203125
47 0.742 0.251 0.07690625 0.106375
47 0.627453125 0.7099921874999999 0.10625 0.079515625
48 0.8943046875000001 0.2800390625 0.063390625 0.136984375
48 0.9759609375000001 0.534453125 0.047765625 0.04578125
48 0.9300234375 0.5358203125000001 0.089421875 0.066796875
59 0.32601562500000003 0.6478046875 0.3108125 0.184109375
59 0.6265546874999999 0.5419296874999999 0.249515625 0.208796875
59 0.7711328125 0.427890625 0.212484375 0.136
1 0.4865234375 0.227515625 0.284484375 0.40265625
47 0.9463359375000001 0.43293750000000003 0.087296875 0.08996875
47 0.7187421875 0.3115546875 0.065234375 0.053421874999999994
48 0.5846171875 0.3766640625 0.10414062500000001 0.082453125
48 0.04509375 0.610859375 0.0901875 0.04296875
47 0.4499609375 0.482828125 0.089578125 0.08371875
