1 0.4912890625 0.3506796875 0.183703125 0.289890625
1 0.1751875 0.33768750000000003 0.02165625 0.0714375
1 0.158515625 0.3257109375 0.010843750000000001 0.013671875
27 0.5337187499999999 0.5117109375 0.13140625 0.158359375
33 0.5070781249999999 0.6629609375 0.28784375 0.174078125
33 0.448390625 0.505171875 0.06378125 0.0980625
44 0.4587890625 0.5138125 0.027984375 0.06621875
1 0.15633593750000002 0.348703125 0.015859375000000002 0.04453125
1 0.146484375 0.33398437499999994 0.01053125 0.0313125
1 0.16816406250000002 0.3180078125 0.009984375 0.027484375
