39 0.7394531249999999 0.22515625 0.030375000000000003 0.060750000000000005
40 0.4336171875 0.5180703125 0.048296875 0.042328125
1 0.154421875 0.41979687500000007 0.1409375 0.26687500000000003
1 0.176171875 0.28385937499999997 0.0414375 0.07421875
1 0.6169609375 0.3838203125 0.253390625 0.287859375
1 0.34483593749999997 0.443796875 0.164921875 0.21290625
1 0.49814843750000004 0.3442890625 0.06589062500000001 0.082359375
1 0.10645312500000001 0.3499375 0.0453125 0.085875
1 0.337578125 0.2905078125 0.055843750000000004 0.092859375
1 0.2194921875 0.332109375 0.055546874999999996 0.18815625
1 0.9217656249999999 0.24212500000000003 0.04959375 0.07178124999999999
1 0.8359921874999999 0.3125 0.048109374999999996 0.103625
15 0.458421875 0.3490859375 0.01246875 0.014765625
15 0.4714375 0.3231953125 0.008843750000000001 0.014609374999999999
1 0.43565625 0.3476875 0.05265625 0.0869375
1 0.39079687500000004 0.3491875 0.0705 0.09784375
