39 0.597890625 0.520296875 0.04553125 0.0448125
40 0.6685078125 0.6420156250000001 0.017671875 0.02415625
1 0.6896953125 0.44560156250000005 0.023015625 0.028578125
1 0.42667968749999996 0.56753125 0.072765625 0.054000000000000006
1 0.3392109375 0.4081015625 0.017859375 0.028203125000000002
1 0.5902499999999999 0.6096015625 0.09375 0.16704687499999998
1 0.318421875 0.547625 0.040781250000000005 0.0795
1 0.772203125 0.6291484375 0.0865625 0.138578125
1 0.901125 0.5242890625000001 0.032968750000000005 0.035546875
1 0.7212578125000001 0.6505625 0.126546875 0.0980625
1 0.6096171874999999 0.4395078125 0.037046875 0.027078124999999998
1 0.511609375 0.5519765625 0.0404375 0.082703125
15 0.492453125 0.26475000000000004 0.029187499999999998 0.01221875
62 0.1526484375 0.289796875 0.015546874999999998 0.0141875
62 0.1695546875 0.28665625000000006 0.007609375 0.00665625
62 0.1821953125 0.2857578125 0.010546875 0.006203125
62 0.200234375 0.2857890625 0.01490625 0.007171874999999999
62 0.8166640625 0.271921875 0.017015625 0.01221875
62 0.0261171875 0.2950625 0.011421875 0.010125
62 0.7921484375 0.2525625 0.014453125 0.00878125
62 0.0689375 0.3060390625 0.00959375 0.012109375
62 0.0715234375 0.296171875 0.009234375 0.0080625
62 0.0271953125 0.3054375 0.012609375 0.00715625
62 0.00903125 0.31778125 0.012656249999999999 0.014687500000000001
1 0.5404375 0.4384296875 0.02021875 0.022546875
62 0.8240703125 0.26032031250000004 0.014859375 0.009046875
1 0.354328125 0.5520546875 0.042499999999999996 0.070671875
62 0.1945859375 0.27781249999999996 0.011453125 0.00871875
1 0.286515625 0.5508125 0.03459375 0.07246875
62 0.5 0.18359375 0.996875 0.3671875
1 0.5 0.40078125 0.996875 0.4453125
