84 0.1555 0.21628124999999998 0.311 0.29
84 0.634390625 0.252484375 0.079125 0.27559374999999997
84 0.694375 0.259546875 0.098875 0.294375
84 0.52809375 0.1768046875 0.0350625 0.09907812499999999
84 0.255859375 0.7705156249999999 0.17165625 0.17359375
67 0.2078671875 0.6373125 0.415734375 0.725375
84 0.54959375 0.1432421875 0.12621875 0.140109375
84 0.6745625000000001 0.0965546875 0.150875 0.020328125
84 0.568984375 0.18692187500000002 0.061250000000000006 0.14196875
84 0.656546875 0.5162500000000001 0.18003125 0.1388125
18 0.46753125 0.5844140625 0.36884375 0.7947968750000001
