1 0.406734375 0.5224609375 0.37340625 0.733453125
1 0.9054687499999999 0.1366953125 0.05775 0.063171875
1 0.6506328125 0.142671875 0.045578125000000004 0.06325
1 0.5489765625 0.13922656249999998 0.048328125 0.089921875
1 0.43808593749999997 0.11831249999999999 0.043859375 0.0399375
1 0.35459375000000004 0.12309375 0.037625 0.052000000000000005
1 0.2732578125 0.162234375 0.063953125 0.071875
1 0.20427343750000002 0.15371875 0.046015625 0.09975
40 0.480203125 0.5467421874999999 0.10965625000000001 0.121921875
1 0.0970625 0.22619531250000002 0.065625 0.034453125
1 0.045492187499999996 0.1621328125 0.061953125 0.069734375
1 0.0940078125 0.1557265625 0.044109375 0.078546875
1 0.7622421875 0.15226562500000002 0.058765625 0.0665
1 0.17549218749999998 0.14671875 0.035828125 0.10978125000000001
1 0.5 0.10546875 0.996875 0.2109375
