3 0.03278125 0.25103125 0.04025 0.014499999999999999
3 0.0227578125 0.2603828125 0.045515625 0.031578125
3 0.059000000000000004 0.24578125 0.0571875 0.025468750000000002
3 0.124125 0.24905468749999998 0.043375000000000004 0.023953125
1 0.49887499999999996 0.40028125000000003 0.42471875 0.6926875
1 0.2247890625 0.3503046875 0.094109375 0.29626562500000003
1 0.1375546875 0.316734375 0.10979687499999999 0.10684374999999999
1 0.168359375 0.265890625 0.04628125 0.10253125
1 0.8605234375 0.33392187500000003 0.073921875 0.22362500000000002
39 0.5143359375000001 0.3037578125 0.357890625 0.408640625
1 0.1871796875 0.23389062500000002 0.020140625000000002 0.04359375
1 0.11607031250000001 0.27794531250000004 0.023171875 0.038328125000000005
15 0.1300078125 0.33390625 0.109453125 0.08103125
