32 0.5527734375000001 0.2438671875 0.022203125 0.041453125
1 0.6092656249999999 0.35208593749999995 0.3100625 0.457328125
1 0.572328125 0.5008359375 0.20165625 0.23132812500000002
1 0.751515625 0.6486406250000001 0.1751875 0.39046875000000003
1 0.282640625 0.767109375 0.279875 0.395
1 0.48575781250000005 0.8133359375 0.289421875 0.34776562499999997
1 0.6028984374999999 0.6231171875 0.183390625 0.18948437499999998
1 0.1809375 0.326390625 0.10506249999999999 0.11781250000000001
1 0.8490546875 0.8166484375 0.272484375 0.338890625
1 0.11085156250000001 0.6145 0.19623437500000002 0.40650000000000003
1 0.3399140625 0.4775234375 0.293921875 0.516046875
32 0.49799218749999996 0.8472031250000001 0.019984375 0.027625
1 0.8664453125 0.53753125 0.13373437500000002 0.28337500000000004
32 0.6010625 0.6449843749999999 0.026968750000000003 0.031093749999999996
1 0.24377343750000002 0.9180390625 0.212640625 0.134859375
1 0.23647656250000001 0.5457109375 0.294171875 0.439390625
1 0.49921875 0.66015625 0.9984375 0.6203125
