43 0.698 0.28484375 0.04634375 0.0258125
1 0.68340625 0.40311718750000003 0.07884375 0.152140625
1 0.6733359375 0.2794609375 0.060515624999999997 0.058046875
1 0.537953125 0.2626015625 0.027968749999999997 0.070578125
1 0.48277343750000007 0.23676562499999998 0.024421875000000003 0.036375000000000005
1 0.318859375 0.1855390625 0.03728125 0.038796874999999995
1 0.1739921875 0.1399375 0.028046875 0.031906250000000004
1 0.1507734375 0.17961718750000003 0.025859375 0.037078125
1 0.8911875 0.2495234375 0.0375 0.039203125
1 0.8573203125 0.306453125 0.025484374999999997 0.029125
1 0.17018750000000002 0.2245078125 0.0195 0.031890625
1 0.47934375000000007 0.274375 0.02946875 0.04865625
1 0.5155468750000001 0.27483593749999996 0.04459375 0.051984375000000006
62 0.7423437500000001 0.24679687499999997 0.0265625 0.02909375
62 0.7258203125 0.2643203125 0.025671875 0.030984374999999998
62 0.6696328125000001 0.20659375 0.019921875 0.024125
62 0.6163281250000001 0.15282031250000003 0.01825 0.013328125
62 0.5183203125 0.12262500000000001 0.028078125 0.027937499999999997
62 0.5093515625 0.15020312500000002 0.019953125 0.013125000000000001
62 0.70728125 0.2198984375 0.02353125 0.010703124999999999
62 0.72175 0.2061640625 0.021968750000000002 0.019078125
62 0.699265625 0.19990624999999998 0.01575 0.011125
62 0.59653125 0.161390625 0.0211875 0.00871875
62 0.40584375 0.13 0.022093750000000002 0.01971875
62 0.45905468749999995 0.151671875 0.019578125 0.016875
62 0.4910234375 0.159125 0.018390625 0.008125
1 0.5630234375000001 0.2763125 0.037453125 0.054593749999999996
1 0.671875 0.1953125 0.21875 0.140625
