44 0.045406249999999995 0.85796875 0.09081249999999999 0.2840625
1 0.436796875 0.4528125 0.6264062499999999 0.905625
1 0.02575 0.12615625 0.04896875 0.057906250000000006
48 0.10763281250000001 0.64759375 0.039953125 0.07640625
49 0.13837499999999997 0.6290390625 0.02809375 0.115265625
59 0.30925 0.7864609374999999 0.4386875 0.20604687500000002
59 0.415875 0.7091171875 0.20834375 0.134015625
1 0.0093046875 0.11628125 0.018515625 0.038343749999999996
1 0.065453125 0.1215 0.030906250000000003 0.0483125
44 0.07617968750000001 0.8227421874999999 0.082921875 0.16439062499999998
59 0.3185078125 0.4087578125 0.102515625 0.134484375
62 0.04090625 0.297375 0.0818125 0.0958125
62 0.10502343750000001 0.2110703125 0.058828124999999995 0.106546875
67 0.376125 0.7993125000000001 0.74775 0.37303125000000004
62 0.280140625 0.1678046875 0.04415625 0.038640625
1 0.089078125 0.123859375 0.024 0.04528125
