37 0.746234375 0.122578125 0.0294375 0.02890625
1 0.16932031250000001 0.13929687500000001 0.072046875 0.18403125
1 0.2460703125 0.233703125 0.205484375 0.37571875
1 0.6605703125 0.12596875000000002 0.08545312499999999 0.1705
40 0.82365625 0.24803906250000002 0.0550625 0.079890625
40 0.17178125000000002 0.26880468750000003 0.0545625 0.065578125
40 0.6911562499999999 0.09135156250000001 0.02678125 0.032421875
40 0.19144531250000002 0.08950781249999999 0.024546875000000003 0.029671874999999997
1 0.7218749999999999 0.303640625 0.2625 0.2921875
1 0.5539765624999999 0.41614843749999997 0.089703125 0.162234375
