3 0.564171875 0.27028125000000003 0.04946875 0.021843750000000002
1 0.6645859375000001 0.273875 0.032703125 0.0979375
3 0.5961171875000001 0.27083593749999996 0.020984375 0.017546875
3 0.27484375 0.265671875 0.05065625 0.027968749999999997
3 0.3439140625 0.2692578125 0.022515625 0.021140625
8 0.17650000000000002 0.260078125 0.04428125 0.03490625
10 0.0365390625 0.0566328125 0.047015625 0.102390625
10 0.662609375 0.1837109375 0.02653125 0.05639062500000001
16 0.7071171875 0.4337421875 0.044484375 0.049828125
70 0.39025000000000004 0.598140625 0.49321875000000004 0.33815625
44 0.448609375 0.45454687499999996 0.13274999999999998 0.04578125
3 0.3925546875 0.26892187500000003 0.022578124999999998 0.019625
