18 0.56090625 0.3821796875 0.13965624999999998 0.111234375
44 0.33178124999999997 0.176125 0.00978125 0.0199375
44 0.316046875 0.170875 0.013093750000000001 0.036375000000000005
1 0.3685859375 0.250171875 0.16398437500000002 0.37965625
51 0.6026875 0.330609375 0.06693750000000001 0.021156249999999998
78 0.6067421875 0.1946640625 0.104484375 0.052234375
79 0.48960937499999996 0.275046875 0.14325000000000002 0.24100000000000002
47 0.20703124999999997 0.2161015625 0.021562500000000002 0.022078125
51 0.11399218750000001 0.22639843750000002 0.084859375 0.021953125
86 0.0039765625 0.226703125 0.007734375 0.04715625
86 0.0162109375 0.21539062500000003 0.032046875 0.065375
44 0.18126562499999999 0.193828125 0.0315625 0.07234375
44 0.3312890625 0.165921875 0.0038906250000000004 0.019
44 0.29936718749999996 0.1887265625 0.017640625 0.051046875000000005
44 0.322640625 0.1711484375 0.009218750000000001 0.033203125
51 0.11762500000000001 0.1930234375 0.0540625 0.030203124999999997
