1 0.9113046875 0.388140625 0.043859375 0.0430625
22 0.9002578125 0.44642187499999997 0.104078125 0.0931875
22 0.6298203125 0.379625 0.07270312500000001 0.054156249999999996
22 0.5428359374999999 0.374984375 0.040765625 0.06321875
22 0.47716406249999993 0.36993750000000003 0.084140625 0.056874999999999995
22 0.2661171875 0.3365078125 0.106453125 0.093140625
22 0.1898046875 0.26324218750000006 0.059546875 0.039609375
22 0.08159374999999999 0.28310937499999994 0.034687499999999996 0.047031250000000004
22 0.12268749999999999 0.2984140625 0.03915625 0.030640624999999998
22 0.12021093749999999 0.26548437500000005 0.020203125 0.02828125
1 0.30415625 0.3085234375 0.0211875 0.044765624999999996
1 0.0883125 0.24228125 0.02275 0.0389375
1 0.49406249999999996 0.337078125 0.01225 0.04265625
1 0.1400546875 0.23192968749999998 0.018234375 0.043453124999999995
1 0.9153046874999999 0.3615625 0.026515624999999998 0.02584375
1 0.8912968750000001 0.367828125 0.02884375 0.06596874999999999
1 0.15114843749999998 0.2632734375 0.030109375 0.034203125
1 0.4955 0.26645312499999996 0.01040625 0.034937499999999996
1 0.069671875 0.24069531249999998 0.0233125 0.037890625
1 0.1235625 0.2427890625 0.0170625 0.019953125
1 0.6356796874999999 0.3463984375 0.022046875 0.031921875
1 0.5539140625 0.3293515625 0.019703125 0.040015625
1 0.48671875000000003 0.28515625 0.8765625 0.1609375
