56 0.5067734375 0.530359375 0.041140625 0.072125
56 0.3981171875 0.38049999999999995 0.153203125 0.1313125
56 0.40835156250000004 0.4868515625 0.13673437500000002 0.120890625
56 0.2694453125 0.2280859375 0.098328125 0.110171875
56 0.558171875 0.396015625 0.1024375 0.0720625
56 0.665875 0.42900781250000003 0.05337499999999999 0.033046874999999996
56 0.415421875 0.166109375 0.10600000000000001 0.076625
56 0.5861875000000001 0.16234375 0.09628125 0.06734375000000001
56 0.7117421875000001 0.1888671875 0.067265625 0.061578125
56 0.2673125 0.40103125 0.0470625 0.0335625
