19 0.4728671875 0.329546875 0.060046875 0.14359375000000002
19 0.910734375 0.320890625 0.0819375 0.12984374999999998
19 0.12133593749999999 0.3327734375 0.055921874999999996 0.147703125
19 0.32022656250000003 0.3346015625 0.058921875 0.138515625
19 0.596515625 0.3208125 0.06821875 0.15671875
19 0.7768984375 0.323484375 0.048390625 0.13534375
1 0.9114296875000001 0.23748437499999997 0.048796875 0.08981249999999999
1 0.668078125 0.39958593750000004 0.08571875 0.184046875
1 0.7777265625 0.264578125 0.082828125 0.1380625
1 0.46989062499999995 0.2870234375 0.08837500000000001 0.167484375
1 0.319328125 0.2802578125 0.07215625 0.137140625
1 0.124671875 0.2720546875 0.08196875 0.144046875
1 0.59446875 0.27121875 0.06696875 0.13646875
1 0.7859453125 0.045703125 0.020484375 0.022218750000000002
1 0.84896875 0.046007812499999995 0.02496875 0.024640625
