1 0.31957812500000005 0.37749999999999995 0.07090625 0.18884375
1 0.474078125 0.32346874999999997 0.054468749999999996 0.0365625
35 0.5762265625 0.4599765625 0.152546875 0.049828125
35 0.0700625 0.47119531249999996 0.12821875 0.016578125
1 0.6624296875 0.3744296875 0.102515625 0.25973437499999996
1 0.57346875 0.36620312499999996 0.094625 0.22896875
1 0.2100859375 0.33646875 0.028609375 0.0325
1 0.3674140625 0.3507890625 0.032390625 0.081890625
1 0.4294296875 0.32789843750000003 0.045546875 0.039296874999999995
1 0.24890625 0.3439921875 0.04546875 0.037640625
1 0.23174218750000003 0.332375 0.024359375 0.03878125
1 0.869453125 0.30188281250000004 0.02840625 0.026234374999999997
1 0.5146875 0.324546875 0.01859375 0.02046875
1 0.8072734375 0.3130234375 0.071765625 0.027703125000000002
1 0.9500625 0.290734375 0.0478125 0.05365625
35 0.6902734375 0.49115624999999996 0.090609375 0.0233125
1 0.24296874999999998 0.3375 0.3578125 0.071875
