37 0.5549921875 0.49024218750000004 0.061421875 0.063546875
37 0.2765 0.3780703125 0.03028125 0.027015624999999998
3 0.9337656249999999 0.24917968749999997 0.025625 0.057984375
1 0.8222578125000001 0.282171875 0.06414062499999999 0.244
1 0.522828125 0.3591953125 0.20793750000000003 0.302171875
1 0.8785859375 0.3508359375 0.146921875 0.311859375
1 0.07040625 0.33109374999999996 0.1408125 0.3570625
1 0.0264765625 0.1615703125 0.049921875 0.088296875
15 0.7324453125000001 0.2340234375 0.117109375 0.018515625
1 0.7061015625 0.2284921875 0.016484375000000002 0.031109375
1 0.748328125 0.3263828125 0.10328124999999999 0.324578125
1 0.49782812500000007 0.326046875 0.0973125 0.282875
