16 0.897234375 0.0808046875 0.0278125 0.009640625
16 0.7465234375 0.25253125000000004 0.002296875 0.00184375
16 0.39890625 0.029765625000000004 0.021687500000000002 0.007531250000000001
16 0.5618984374999999 0.1535859375 0.013046875 0.014578125
9 0.273453125 0.3680703125 0.01490625 0.016578125
9 0.1326875 0.366578125 0.265375 0.06446874999999999
9 0.331984375 0.32528125 0.18003125 0.036
9 0.6641874999999999 0.38457031249999996 0.49178125 0.19042187500000002
9 0.7273828124999999 0.310421875 0.065453125 0.04625
1 0.840046875 0.4501015625 0.31990625 0.418953125
1 0.7486562499999999 0.39754687499999997 0.01109375 0.02153125
1 0.787515625 0.4060390625 0.0118125 0.028921875000000003
1 0.7968125 0.40821093750000004 0.00684375 0.021234375
1 0.8107578125 0.41138281250000003 0.009140625 0.026765624999999998
1 0.8393125 0.41267968750000006 0.006500000000000001 0.022703124999999998
1 0.8569375 0.41664843749999997 0.012875000000000001 0.028578125
1 0.8676250000000001 0.41845312500000004 0.010781250000000001 0.02890625
9 0.1467890625 0.32642968749999995 0.123609375 0.026171875
1 0.7565234375 0.4078515625 0.009609375 0.030609375
1 0.8950312500000001 0.42233593750000004 0.01034375 0.027953125000000002
1 0.82090625 0.4123984375 0.01009375 0.024984375
16 0.0397734375 0.065109375 0.025015625000000003 0.009156250000000001
16 0.122 0.1840546875 0.01940625 0.008953125000000001
16 0.17066406250000002 0.1501171875 0.012234375 0.007796875
16 0.39568749999999997 0.22699218750000003 0.00971875 0.007140625
1 0.7764140624999999 0.403953125 0.013515625 0.031625
16 0.405171875 0.14846875 0.02034375 0.01340625
1 0.76465625 0.40797656250000003 0.00825 0.030703124999999998
1 0.69921875 0.375 0.4265625 0.109375
