1 0.4871640625 0.232421875 0.163765625 0.386625
1 0.15725 0.2199765625 0.10946875 0.375953125
1 0.6848828125 0.195046875 0.074140625 0.26253125
27 0.5328046875 0.5102109375 0.108765625 0.08039062500000001
33 0.504734375 0.6452578125 0.34746875 0.154796875
33 0.1646796875 0.52696875 0.187734375 0.27665625
33 0.3646640625 0.494921875 0.166828125 0.1876875
33 0.5707578125 0.46 0.187078125 0.10321875
33 0.7545000000000001 0.43209375 0.1350625 0.1444375
33 0.70415625 0.5464921875000001 0.21575000000000003 0.15626562500000002
33 0.6114999999999999 0.6189296875000001 0.26571875 0.20960937500000001
33 0.3406640625 0.39214843749999995 0.11517187499999999 0.080578125
33 0.433484375 0.43167968749999996 0.10159375 0.069953125
33 0.6373984375 0.3947109375 0.134453125 0.161671875
1 0.769671875 0.094984375 0.0350625 0.027968749999999997
1 0.9844140625 0.388671875 0.030921874999999998 0.07190625
33 0.271671875 0.5039921875 0.03390625 0.07910937500000001
33 0.264578125 0.62384375 0.209375 0.19225
27 0.482890625 0.13480468750000002 0.095125 0.067234375
33 0.46823437500000004 0.5367578125 0.0456875 0.09135937499999999
1 0.8570625000000001 0.2440078125 0.20540625 0.322890625
33 0.6820312500000001 0.4828125 0.5171875 0.203125
