65 0.3649921875 0.5109921875 0.679859375 0.284609375
84 0.065390625 0.4230390625 0.025312499999999998 0.058671875
84 0.05815625 0.43146874999999996 0.017374999999999998 0.052500000000000005
1 0.4253125 0.1877109375 0.029312500000000002 0.056296875
1 0.4097890625000001 0.1572890625 0.017515625 0.028515625
1 0.4455234375 0.15831250000000002 0.030703124999999998 0.04115625
1 0.7589921875000001 0.29313281249999995 0.023078124999999998 0.045609375
1 0.7881718750000001 0.2889453125 0.036 0.063234375
1 0.4020546875 0.1912734375 0.019453124999999998 0.053109375
1 0.34433593749999997 0.25207812500000004 0.022359375 0.0380625
1 0.35578906250000003 0.24834375 0.012953125 0.027750000000000004
1 0.3664453125 0.2483671875 0.015984375000000002 0.032859375
84 0.04448437500000001 0.4480390625 0.014218749999999999 0.041734375000000004
