4 0.4138984375 0.253203125 0.047578125 0.054531249999999996
1 0.390234375 0.16512500000000002 0.0081875 0.0374375
1 0.3747109375 0.15015625 0.013203125 0.038906249999999996
1 0.34950781249999996 0.19409375 0.023203124999999998 0.048593750000000005
1 0.3624921875 0.1499140625 0.011109375000000001 0.039359375
1 0.2428984375 0.38797656249999996 0.024296875000000002 0.056421874999999996
1 0.41285156249999994 0.24898437499999998 0.025265625000000003 0.04715625
3 0.314296875 0.423953125 0.21812499999999999 0.18178125
3 0.5860156249999999 0.4171796875 0.17103125 0.183765625
3 0.0981796875 0.3149609375 0.17545312500000002 0.071390625
3 0.10729687499999999 0.251265625 0.15290625 0.07865625000000001
3 0.545296875 0.1115390625 0.04715625 0.043828125
1 0.37522656249999997 0.4882109375 0.035203125 0.053359375
3 0.6287656249999999 0.290078125 0.06996875 0.10703125
3 0.10157812499999999 0.3888671875 0.10278125 0.087890625
3 0.2927265625 0.312078125 0.175671875 0.08825
3 0.49446093750000003 0.1000390625 0.031140624999999998 0.036296875
3 0.64721875 0.12836718749999998 0.026875 0.031046875
3 0.640796875 0.0649375 0.03 0.0246875
4 0.0251328125 0.1910625 0.050265625 0.031718750000000004
1 0.3560390625 0.5114765625000001 0.025671875 0.020796875
1 0.0171328125 0.1881328125 0.018296875 0.033296875
