16 0.159609375 0.5018281250000001 0.09203125 0.12796875000000002
16 0.5652343750000001 0.3390625 0.0429375 0.087625
16 0.639296875 0.34996875000000005 0.04765625 0.05915625
16 0.683203125 0.34096875000000004 0.043687500000000004 0.052875000000000005
16 0.3537890625 0.35066406250000004 0.051796875 0.061921875
16 0.40276562499999996 0.31152343750000006 0.032937499999999995 0.033328125
16 0.43094531250000007 0.2974375 0.016671875 0.02996875
16 0.47040625 0.33378906249999996 0.07465625000000001 0.057140625
16 0.4622109375 0.275515625 0.022796875 0.0305
16 0.44861718749999996 0.242703125 0.016359375000000002 0.013843749999999998
16 0.439 0.28807812499999996 0.015312500000000001 0.0246875
16 0.45063281250000004 0.3004453125 0.017171875 0.020203125
16 0.6474843749999999 0.30787499999999995 0.0411875 0.04475
16 0.6098750000000001 0.28760156249999996 0.029343750000000002 0.031015625
16 0.5344609375 0.279765625 0.039296874999999995 0.0265625
16 0.4487734375 0.266984375 0.009265625 0.01403125
16 0.4907265625 0.2871796875 0.015921875 0.023484375
16 0.6044375 0.3295703125 0.048125 0.057984375
16 0.5171875 0.30859375 0.415625 0.1515625
