62 0.7043281250000001 0.2106015625 0.052500000000000005 0.028734375
62 0.5608359375 0.229671875 0.050859375 0.0290625
62 0.5568359375 0.25805468750000005 0.046765625 0.030109375
62 0.5112734375 0.2380078125 0.055234375 0.053078125
62 0.6097968749999999 0.2462734375 0.06346874999999999 0.062078125
39 0.592140625 0.21946875000000002 0.0383125 0.10678125000000001
1 0.5230703125 0.4049765625 0.11404687499999999 0.286234375
1 0.1806328125 0.4034453125 0.093828125 0.29867187500000003
1 0.14675 0.505390625 0.10943750000000001 0.32359375
1 0.4040546875 0.4138046875 0.10345312499999999 0.10795312500000001
1 0.69609375 0.2550546875 0.07921875 0.06889062500000001
1 0.025890625 0.3521171875 0.05178125 0.129046875
1 0.08394531250000001 0.36846093750000003 0.088265625 0.103765625
1 0.0929921875 0.1909765625 0.10204687500000001 0.094296875
1 0.3949609375 0.190359375 0.049640625 0.085875
1 0.5766484374999999 0.057960937500000004 0.035859375 0.063171875
1 0.2759375 0.229109375 0.0674375 0.06115625
15 0.7268515624999999 0.44362499999999994 0.14585937499999999 0.0625625
15 0.4704453125 0.256078125 0.131515625 0.0384375
39 0.31932031250000004 0.3973671875 0.030578125 0.067265625
39 0.29129687499999996 0.42219531250000003 0.00825 0.029046875
62 0.1825 0.1443515625 0.056125 0.043984375
62 0.39201562500000003 0.24770312499999997 0.08121874999999999 0.0325
62 0.6664375 0.235171875 0.05559375 0.0360625
77 0.9803984375 0.1537265625 0.009828125 0.010015625
77 0.5437890625 0.1503359375 0.010609375 0.017984375
1 0.216296875 0.2187265625 0.06565625 0.072421875
77 0.98609375 0.17241406250000002 0.01934375 0.016140625
1 0.9027812500000001 0.26834375 0.10400000000000001 0.07515625000000001
15 0.80659375 0.2190703125 0.04975 0.030984374999999998
15 0.7555 0.21517968749999997 0.05509375 0.026796874999999998
62 0.6441484375000001 0.2675390625 0.061015625 0.031546875
1 0.49921875 0.24296875 0.9984375 0.4859375
