35 0.342703125 0.5723515625 0.07403125 0.026328125
1 0.6720234375 0.53459375 0.040359374999999996 0.1033125
1 0.33294531250000003 0.47746875 0.017078125 0.04303125
1 0.34282031249999995 0.52946875 0.047609374999999995 0.09334375
1 0.4991640625 0.4762265625 0.019578125 0.074109375
1 0.61275 0.42617968749999996 0.006 0.016203125
1 0.6883046875000001 0.47831250000000003 0.034421875000000005 0.072875
1 0.75996875 0.4483828125 0.018625 0.048171874999999996
1 0.25688281249999995 0.6103984375 0.031890625 0.028015625
1 0.2089375 0.5709921875 0.06753125 0.10801562499999999
1 0.6330703125000001 0.5354375 0.036109375 0.09746875
1 0.653109375 0.48850781249999997 0.018062500000000002 0.074796875
36 0.034648437500000004 0.5985859375 0.026171875 0.052609375
1 0.36005468749999997 0.47115625 0.011390625 0.0298125
35 0.36584375 0.5295703125 0.02615625 0.009890625
1 0.7150703125000001 0.5151875 0.030421874999999998 0.08334375000000001
36 0.5708671875 0.4617265625 0.003578125 0.003296875
36 0.46063281250000004 0.4388203125 0.010953125 0.006703125
36 0.6132421875 0.5193593750000001 0.010234375 0.017218749999999998
1 0.4453125 0.39765625 0.609375 0.2328125
