1 0.49627343749999997 0.4003125 0.37482812499999996 0.51875
1 0.615359375 0.11414062500000001 0.22846875 0.22562500000000002
1 0.17841406250000003 0.0517265625 0.146921875 0.100453125
35 0.5892265625 0.6049609375 0.29685937500000004 0.100453125
36 0.6481015625 0.19853125 0.300234375 0.0724375
27 0.34689843750000005 0.348796875 0.06967187500000001 0.120125
35 0.8791171875 0.0499765625 0.175828125 0.084765625
1 0.360015625 0.060921875 0.23246875 0.12184375
36 0.33359375 0.0927109375 0.35525 0.10223437500000002
36 0.275421875 0.0528125 0.19415625 0.05625
35 0.2350625 0.057585937499999997 0.27584375 0.064609375
1 0.804734375 0.0202265625 0.04484375 0.040109375
