1 0.38498437500000005 0.3197890625 0.094125 0.232265625
1 0.9171328124999999 0.4963515625 0.165734375 0.38932812499999997
41 0.4181484375 0.43109375000000005 0.044390625 0.03725
1 0.7220546875 0.24571093749999998 0.023765625000000002 0.019890625000000002
1 0.270484375 0.24778906250000002 0.01028125 0.019734375000000002
1 0.7447578125 0.2469921875 0.013484375000000002 0.022515625
1 0.6582421875000001 0.246265625 0.014390625 0.01703125
3 0.7178984374999999 0.30888281250000005 0.157859375 0.10682812500000001
10 0.514 0.20141406250000002 0.00296875 0.007015625
10 0.508375 0.2006015625 0.00646875 0.011453125
1 0.77765625 0.24748437499999998 0.01415625 0.02425
3 0.5731953125000001 0.26966406249999997 0.025359375 0.040671875
3 0.10103906250000001 0.405890625 0.20207812500000003 0.30262500000000003
3 0.243484375 0.3088359375 0.180875 0.110421875
3 0.324 0.282609375 0.08315625 0.0805
3 0.45003125 0.2661796875 0.0510625 0.040640625
3 0.48877343749999996 0.256171875 0.024015625 0.0211875
3 0.8631718749999999 0.37045312500000005 0.24784375 0.22581250000000003
3 0.63946875 0.28892968750000003 0.08259375 0.072921875
3 0.6143203125 0.2704609375 0.083484375 0.064359375
3 0.5649921875 0.2634140625 0.034953125 0.038421875
3 0.54646875 0.26067968750000003 0.027937499999999997 0.030765625
3 0.4269609375 0.2476796875 0.027140625 0.013984374999999999
10 0.47975 0.2030859375 0.0032500000000000003 0.006515625
27 0.9590703125000001 0.41521093750000004 0.081859375 0.161515625
3 0.51796875 0.25078125 0.0765625 0.0359375
