44 0.42196875000000006 0.32553906250000003 0.034625 0.073453125
44 0.297765625 0.374125 0.02853125 0.039531250000000004
1 0.4365703125 0.35917187500000003 0.47639062499999996 0.604125
1 0.26521875 0.4347265625 0.211 0.12160937499999999
47 0.8742890624999999 0.415859375 0.039796874999999995 0.08090625
81 0.6938515624999999 0.4303125 0.124140625 0.0661875
50 0.673546875 0.3843046875 0.07596875 0.032046875
51 0.7298906249999999 0.30509374999999994 0.08490625 0.0668125
86 0.644234375 0.2723984375 0.029562500000000002 0.107640625
44 0.6211875 0.282828125 0.0245 0.08353125
44 0.8063281250000001 0.0833828125 0.03265625 0.100265625
47 0.83346875 0.396515625 0.0418125 0.06646875
47 0.91871875 0.4268359375 0.043375000000000004 0.063265625
