3 0.11460937499999999 0.9150625 0.14109375 0.068
3 0.349421875 0.9061015625 0.09484375 0.051546875000000006
3 0.21050000000000002 0.8973203124999999 0.07246875 0.033140625
3 0.2857734375 0.8945546875 0.072046875 0.045796875
3 0.3806015625 0.8819140624999999 0.040390625 0.012953125
10 0.42670312500000007 0.7153984375 0.05171875 0.018421874999999997
10 0.6595078125 0.7683203125000001 0.022046875 0.052703124999999997
1 0.6645546875 0.9117421874999999 0.028890624999999996 0.087796875
3 0.5319921875000001 0.8790703125 0.013640625 0.010015625
3 0.6043281250000001 0.8808593750000001 0.02415625 0.02359375
3 0.2388828125 0.88703125 0.018921874999999998 0.01125
3 0.052046875 0.9111640625 0.079625 0.06073437499999999
1 0.6898750000000001 0.9051015625000001 0.02434375 0.088484375
3 0.5536484374999999 0.8766796875 0.014234374999999999 0.010421875
3 0.5892109375 0.8807109375000001 0.0073906250000000005 0.009234375
1 0.7099453124999999 0.8863984375 0.025328125 0.048921875
3 0.4761171875 0.8832734374999999 0.033203125 0.009421875
