44 0.3554765625 0.22386718749999998 0.018765625 0.046265625
44 0.3447109375 0.21958593749999997 0.012046875 0.046765625
44 0.2281953125 0.20249999999999999 0.011171875000000001 0.034187499999999996
44 0.2026171875 0.19935937499999998 0.011953125 0.0351875
1 0.4685390625 0.4483125 0.225828125 0.3
1 0.5417031250000001 0.2180859375 0.11290625000000001 0.24376562499999999
1 0.701125 0.228375 0.11796875 0.2545
1 0.12725 0.3182578125 0.23090625 0.394390625
1 0.270265625 0.1891875 0.09796875000000001 0.2584375
44 0.21996875000000002 0.160859375 0.01328125 0.04090625
31 0.2031640625 0.3608828125 0.041609375 0.080765625
31 0.6493281249999999 0.2695859375 0.05625 0.055515625
44 0.22835937500000003 0.080203125 0.012718750000000001 0.03415625
44 0.22275781249999999 0.12307031250000001 0.013671875 0.035953125
44 0.19512500000000002 0.1893671875 0.0075 0.037515625000000004
1 0.937265625 0.26466406249999996 0.0980625 0.23917187499999998
31 0.32823437499999997 0.4730078125 0.16034375 0.14835937500000002
33 0.05384375 0.4495390625 0.10759375 0.110671875
44 0.21632031249999997 0.2017265625 0.012484375 0.031984374999999995
27 0.3005390625 0.1500390625 0.029578125 0.090390625
27 0.6457421875 0.265328125 0.034859375 0.051968749999999994
