82 0.7584218749999999 0.21278124999999998 0.17190624999999998 0.42471875
1 0.5502265625 0.26707031249999996 0.504515625 0.524828125
49 0.2125859375 0.4063828125 0.073921875 0.058296875000000005
60 0.2775859375 0.5599999999999999 0.083234375 0.056625
60 0.3579296875 0.497578125 0.075296875 0.04996875
60 0.4154140625 0.5603203125 0.076953125 0.062921875
60 0.4260078125 0.5181015625 0.078234375 0.044703124999999996
60 0.3466015625 0.5386406250000001 0.078984375 0.051312500000000004
60 0.24650781249999998 0.596890625 0.092015625 0.054156249999999996
60 0.3303203125 0.622 0.093953125 0.040531250000000005
60 0.1116484375 0.48052343750000004 0.072546875 0.047953125
60 0.18155468749999998 0.4479765625 0.070515625 0.041859375
60 0.03578125 0.517140625 0.0715625 0.05
60 0.6076328125 0.59065625 0.042546875 0.061625
60 0.8074140624999999 0.642875 0.075171875 0.054031249999999996
60 0.16221875 0.508828125 0.0733125 0.03653125
