21 0.1574609375 0.5053359375 0.040328125 0.026890625
21 0.183515625 0.4838046875 0.02834375 0.022234375
3 0.4951015625 0.36145312500000004 0.028609375 0.0234375
3 0.14434375 0.3359609375 0.02175 0.020640625000000003
3 0.5711875 0.5232734375 0.04071875 0.032796874999999996
1 0.3190234375 0.39381249999999995 0.010109375 0.02559375
7 0.686203125 0.236375 0.4090625 0.2815
1 0.6179765625 0.3531484375 0.006046875 0.020953125
3 0.072953125 0.3416484375 0.03134375 0.024578125
7 0.4625546875 0.17197656249999999 0.060203125 0.07573437499999999
1 0.3089765625 0.39382812500000003 0.009859375 0.025374999999999998
