63 0.31927343750000003 0.45517968750000004 0.6385468750000001 0.424265625
85 0.854640625 0.029343750000000002 0.07040625 0.058687500000000004
62 0.5811171875 0.315734375 0.097234375 0.16103125000000001
62 0.6317578125000001 0.2132265625 0.046796875 0.046796875
62 0.41246875000000005 0.300015625 0.16184375 0.16840625
62 0.5227578125 0.267984375 0.047765625 0.1530625
67 0.5789296875000001 0.2487109375 0.143421875 0.051328125
84 0.3249140625 0.02140625 0.027953125000000002 0.03896875
84 0.3543359375 0.023976562500000003 0.025328125 0.040421875
84 0.39810156249999995 0.0305234375 0.010546875 0.034734375
84 0.4736953125 0.0399921875 0.068296875 0.041796875
84 0.36840625 0.0262421875 0.014249999999999999 0.035578125
84 0.4243984375 0.035078125 0.006203125 0.0324375
84 0.34371875 0.1298515625 0.011125 0.023546875000000002
84 0.44534375 0.0852421875 0.0303125 0.022484375
84 0.3840234375 0.08221875 0.096203125 0.028218749999999997
84 0.39953125 0.12984374999999998 0.10149999999999999 0.0245625
84 0.409140625 0.032875 0.005375 0.03396875
