52 0.4744453125 0.6762109375 0.093921875 0.108078125
52 0.5003203125000001 0.5937265625 0.09814062500000001 0.082265625
52 0.3444609375 0.5290703124999999 0.028984375 0.013609375000000002
1 0.5399921875 0.2609765625 0.21585937500000002 0.242171875
1 0.484796875 0.0869921875 0.1891875 0.172296875
1 0.17147656249999998 0.2433203125 0.212640625 0.299734375
1 0.5117031249999999 0.457703125 0.20459375 0.28021875
1 0.270671875 0.0849375 0.22962500000000002 0.16834375
1 0.07760937500000001 0.07613281250000001 0.15521875000000002 0.15226562500000002
1 0.9222968749999999 0.20354687500000002 0.15540625 0.27703125
9 0.078015625 0.4701953125 0.1526875 0.552015625
16 0.58075 0.3975234375 0.1793125 0.209515625
31 0.2199765625 0.49709375 0.130953125 0.14450000000000002
31 0.2071484375 0.5879296875000001 0.18257812499999998 0.231203125
31 0.1608828125 0.2627265625 0.124203125 0.160671875
51 0.819328125 0.524140625 0.12353125000000001 0.11209374999999999
52 0.3238359375 0.518859375 0.037046875 0.01875
52 0.29115624999999995 0.5450625 0.02759375 0.03484375
1 0.19725 0.575484375 0.2685 0.34903125
1 0.7462812499999999 0.13087500000000002 0.21534375 0.2561875
9 0.8055546875 0.375 0.388890625 0.75
9 0.3391796875 0.37052343750000005 0.620140625 0.7365781250000001
51 0.36910156250000004 0.6110390625000001 0.15757812499999999 0.153890625
1 0.12292187500000001 0.03728125 0.04184375 0.030125000000000002
1 0.42859375 0.09610156250000002 0.1045625 0.158078125
