64 0.8040625 0.39024218749999995 0.06775 0.069046875
62 0.7641328125000001 0.5781171875 0.096046875 0.175671875
62 0.8651875 0.592578125 0.12053125 0.132
63 0.46574218749999996 0.445984375 0.234296875 0.1214375
67 0.8718515625000001 0.582140625 0.256296875 0.17009375
2 0.7486328124999999 0.5300625 0.297171875 0.246375
51 0.0795859375 0.5028671875 0.041203125 0.015640625
84 0.28746875 0.3603984375 0.01340625 0.074828125
84 0.2750546875 0.3657890625 0.013890625 0.06298437500000001
84 0.24649218750000002 0.36401562499999995 0.055796875 0.06646875
2 0.2130546875 0.5931953125 0.155765625 0.146578125
72 0.603703125 0.47661718750000004 0.04278125 0.07535937499999999
75 0.5687500000000001 0.49787500000000007 0.016625 0.01146875
75 0.4934609375 0.46140625 0.015765625 0.0109375
67 0.47524999999999995 0.4944375 0.13093749999999998 0.08175
84 0.35264843749999997 0.33619531249999995 0.008390625 0.022640625
84 0.34592968749999997 0.336421875 0.009734375 0.026500000000000003
84 0.3555390625 0.29832031249999996 0.013015625 0.018859375
