7 0.1516796875 0.514609375 0.289890625 0.36853125000000003
7 0.32939843750000003 0.4696796875 0.10482812500000001 0.141109375
1 0.6009296875 0.7216875 0.132515625 0.556625
1 0.56240625 0.5180078125 0.06046875 0.164296875
1 0.5615703125 0.45817968750000004 0.066234375 0.068765625
1 0.5275 0.47176562499999997 0.0263125 0.054468749999999996
1 0.4555078125 0.4955859375 0.050484375000000005 0.11170312499999999
1 0.48515624999999996 0.5181953125000001 0.028875 0.11204687499999999
1 0.4016796875 0.473828125 0.014109374999999999 0.0370625
1 0.505890625 0.527703125 0.029562500000000002 0.08359375
1 0.6104062499999999 0.4747578125 0.033468750000000005 0.055296875
1 0.4188124999999999 0.4763515625 0.01096875 0.043234375000000005
1 0.6002109375 0.48285156249999994 0.023203124999999998 0.082421875
1 0.493890625 0.471296875 0.020749999999999998 0.04559375
