67 0.500875 0.3120703125 0.99825 0.43129687499999997
1 0.5393203125 0.07570312500000001 0.6685156250000001 0.15140625000000002
54 0.428921875 0.5625390625 0.674125 0.368671875
54 0.6758593749999999 0.4680078125 0.58646875 0.337515625
49 0.21109375 0.44609374999999996 0.4221875 0.270375
50 0.294109375 0.0446484375 0.19315625 0.031828125
49 0.8621875 0.204703125 0.1288125 0.11415625
47 0.4674453125 0.1472109375 0.176234375 0.294421875
1 0.156484375 0.049453125 0.13768750000000002 0.0948125
54 0.5644453125000001 0.1125546875 0.106265625 0.111234375
