1 0.5141328125 0.2934375 0.15692187500000002 0.23450000000000001
1 0.6393125000000001 0.3226640625 0.11981250000000002 0.265234375
1 0.7379375 0.2887578125 0.13878125 0.276078125
1 0.8080624999999999 0.3186015625 0.14475 0.267109375
35 0.7818515625 0.44978125 0.144328125 0.0846875
35 0.7063203124999999 0.451046875 0.12592187500000002 0.09140625
35 0.5436171875 0.44531249999999994 0.173359375 0.08271875
35 0.5865234375 0.4438515625 0.19142187500000002 0.11370312499999999
35 0.7334765625 0.437390625 0.084140625 0.04746875
35 0.5795078124999999 0.4606953125 0.12689062499999998 0.012765625
