64 0.6099375 0.22665625 0.13471875 0.173625
1 0.3729296875 0.32455468750000005 0.321140625 0.5099218750000001
1 0.45653125 0.32754687499999996 0.1905 0.5158437499999999
1 0.500609375 0.330515625 0.108625 0.26421875
1 0.727765625 0.307546875 0.10684374999999999 0.26684375
63 0.1158671875 0.3969921875 0.229109375 0.317328125
46 0.1907421875 0.4360390625 0.026234374999999997 0.052609375
75 0.5234765625000001 0.41209375 0.066140625 0.038343749999999996
77 0.7583046875 0.20013281249999998 0.005296875 0.007109374999999999
75 0.540609375 0.2630390625 0.02278125 0.018734375
75 0.47256250000000005 0.3395546875 0.0305625 0.031140624999999998
75 0.1877890625 0.44855468750000005 0.055453125000000006 0.010609375
