86 0.2123203125 0.5066875 0.158671875 0.1998125
86 0.412875 0.41138281250000003 0.1855 0.251328125
86 0.3223828125 0.34140625 0.157421875 0.20540625
86 0.11965624999999999 0.412203125 0.15265625 0.20006249999999998
86 0.13099218750000002 0.22780468750000002 0.131109375 0.147078125
86 0.6899453125 0.49071875 0.21214062500000003 0.21912500000000001
86 0.2734609375 0.1313125 0.101421875 0.10534375
86 0.6148359375 0.38778125 0.154609375 0.1900625
86 0.1787421875 0.18053125 0.12145312500000001 0.1795
86 0.47371093750000004 0.198953125 0.126359375 0.15753124999999998
86 0.853046875 0.41963281249999995 0.20846874999999998 0.201578125
86 0.0970390625 0.28507031250000003 0.169828125 0.140359375
86 0.8536171875 0.2531796875 0.162015625 0.136765625
86 0.31953125 0.21171875 0.2296875 0.2078125
