64 0.2995390625 0.34871093750000004 0.066109375 0.061765625000000005
1 0.48126562500000003 0.205078125 0.24359375 0.22778125
1 0.4585703125 0.35955468749999997 0.048015625 0.081671875
1 0.5093984375 0.344796875 0.021234375 0.0570625
1 0.5522499999999999 0.35709375 0.01890625 0.053093749999999995
41 0.47359375 0.41766406250000004 0.16971875 0.082734375
1 0.48540624999999993 0.33728125 0.01896875 0.06934375000000001
1 0.38034375 0.3375625 0.012625 0.0429375
67 0.393828125 0.3590390625 0.026218750000000002 0.024484375
1 0.32471875 0.3213125 0.02253125 0.02290625
1 0.286953125 0.3162734375 0.00728125 0.008734374999999999
1 0.4098671875 0.339484375 0.017015625 0.0141875
1 0.43371875000000004 0.346484375 0.0141875 0.021843750000000002
