44 0.422265625 0.28496875 0.062281249999999996 0.14950000000000002
44 0.72140625 0.29016406250000004 0.094625 0.172328125
59 0.8089609375 0.4064375 0.18448437499999998 0.08931249999999999
59 0.4552890625 0.4034765625 0.117171875 0.10004687500000001
59 0.6937734375000001 0.404578125 0.153046875 0.08578125
59 0.56259375 0.3935625 0.13287500000000002 0.10090625
59 0.22371875000000002 0.4140390625 0.1400625 0.087984375
59 0.905140625 0.3961328125 0.1516875 0.096578125
59 0.10075781249999999 0.4105 0.140140625 0.091
59 0.33864062500000003 0.4085546875 0.11890624999999999 0.091546875
