37 0.11029687500000002 0.62621875 0.01665625 0.01596875
37 0.26514843749999994 0.5047421875 0.010640624999999999 0.009640625
37 0.27125000000000005 0.49465625 0.008843750000000001 0.009031250000000001
37 0.519234375 0.49004687500000005 0.01 0.00946875
43 0.6071328125000001 0.36505468750000003 0.049453125 0.034421875000000005
43 0.96884375 0.29592968750000004 0.028718749999999998 0.039421875
1 0.08684375 0.37890625 0.030406250000000003 0.08778125
1 0.461296875 0.3332265625 0.02578125 0.050546875000000005
1 0.42872656249999996 0.4223125 0.062328125 0.133
1 0.48487500000000006 0.378515625 0.061 0.17715625
1 0.5513359375 0.418484375 0.072328125 0.17728125
1 0.27971093750000003 0.4210625 0.050859375 0.1570625
1 0.9254687500000001 0.36246875 0.0830625 0.168875
1 0.6735703125 0.39852343749999997 0.086140625 0.19329687499999998
1 0.38077343750000003 0.4062265625 0.048859375 0.060703125000000004
37 0.559375 0.4903515625 0.00990625 0.010265625
37 0.4633984375 0.397046875 0.0054218750000000005 0.00503125
37 0.6945390625000001 0.431953125 0.006140625 0.00596875
37 0.5131015625 0.479875 0.009296875 0.009281250000000001
37 0.2872265625 0.410140625 0.0064843750000000006 0.00671875
43 0.08465625 0.36614843750000003 0.01828125 0.015421874999999998
43 0.27840624999999997 0.418046875 0.03365625 0.00996875
43 0.4635234375 0.3965234375 0.049921875 0.012703125000000001
1 0.692234375 0.33121875 0.0215 0.01840625
1 0.5885937499999999 0.36732031249999997 0.04234375 0.133421875
37 0.9461796874999999 0.56121875 0.014515624999999999 0.0100625
37 0.599015625 0.375765625 0.01059375 0.01009375
37 0.5923515625 0.360125 0.008265625 0.00578125
37 0.515625 0.48906249999999996 0.9 0.3
