39 0.6359609375 0.1752890625 0.096546875 0.193890625
40 0.529171875 0.4298984375 0.063375 0.053609375
1 0.40175 0.4616328125 0.30696875 0.28698437499999996
1 0.7235390625 0.35087499999999994 0.329078125 0.44328124999999996
1 0.775328125 0.26084375 0.0890625 0.1848125
1 0.8877890625 0.2355234375 0.085828125 0.162484375
1 0.9391484375 0.250953125 0.084203125 0.0988125
1 0.14392968750000001 0.434046875 0.218890625 0.3763125
1 0.39211718749999996 0.3103125 0.116046875 0.07681249999999999
1 0.9727187500000001 0.216203125 0.0545625 0.13225
15 0.8170703125 0.16168749999999998 0.134328125 0.04821875
27 0.9763671875 0.3427265625 0.045203125 0.036171875
27 0.9217500000000001 0.3490078125 0.0455625 0.027734375
15 0.5771484375 0.12482812500000001 0.288109375 0.2229375
15 0.9326875 0.1614453125 0.07618749999999999 0.013578125
15 0.78521875 0.24718749999999998 0.04496875 0.0203125
27 0.8072812500000001 0.35234375 0.07984375 0.04890625
