32 0.6811640625 0.8176796875 0.056265625 0.217328125
1 0.686234375 0.7533828124999999 0.35665625 0.46501562500000004
1 0.22012500000000002 0.595640625 0.12259374999999999 0.23853125
1 0.09326562499999999 0.6105468749999999 0.1505625 0.292125
1 0.9030390625 0.770046875 0.12889062499999998 0.3576875
62 0.8891171875 0.7582265625 0.09048437499999999 0.097109375
62 0.5206640625 0.74284375 0.074296875 0.17115625
67 0.82521875 0.9655390625 0.29915625 0.054546874999999995
1 0.3292109375 0.71284375 0.40532812500000004 0.568
1 0.5433749999999999 0.65753125 0.11321874999999999 0.15803125
1 0.5273984375 0.5722109375 0.053765625 0.09489062499999999
1 0.0360078125 0.391359375 0.049515625 0.2859375
62 0.09959375000000001 0.8605546875 0.16375 0.264265625
