3 0.0538359375 0.466734375 0.107671875 0.14253125
3 0.12278125 0.4080859375 0.0310625 0.027671875000000002
3 0.08574999999999999 0.4106640625 0.0614375 0.044546875
3 0.3541015625 0.3930625 0.048921875 0.02715625
3 0.4857734375 0.39382031250000005 0.019984375 0.025765624999999997
3 0.45488281249999996 0.3874453125 0.041921875 0.029703125000000004
3 0.978359375 0.382375 0.040281250000000005 0.03690625
4 0.41628906250000003 0.6176953125 0.508984375 0.257859375
1 0.30667968749999996 0.3948671875 0.019203124999999998 0.030859375
4 0.399890625 0.526046875 0.31065624999999997 0.16125
1 0.41975781250000005 0.39696875 0.018515625 0.03453125
1 0.44636718750000004 0.4020703125 0.017578125 0.040015625
10 0.2608125 0.34755468750000007 0.0073124999999999996 0.019078125
1 0.26850781250000005 0.400078125 0.011078125 0.025687500000000002
1 0.279796875 0.3889921875 0.0098125 0.017296875
1 0.327203125 0.38884375 0.00834375 0.015562500000000002
3 0.114875 0.389875 0.049375 0.01146875
8 0.1763046875 0.4038046875 0.080234375 0.068265625
13 0.35509375 0.3599921875 0.017875 0.018015625
64 0.8887812500000001 0.6875781249999999 0.17415624999999998 0.12084375
1 0.22615624999999998 0.3935859375 0.0079375 0.022671875
3 0.38637499999999997 0.393453125 0.02803125 0.028437499999999998
13 0.4825078125 0.35521875 0.008421874999999999 0.01875
1 0.23245312499999998 0.3926796875 0.00578125 0.019265625
4 0.3124765625 0.44025781249999996 0.13873437500000002 0.081671875
4 0.6535703125 0.689609375 0.418828125 0.09740625
4 0.5362734375 0.5358984375 0.188203125 0.101703125
10 0.124078125 0.36456249999999996 0.0085625 0.017875
4 0.35890625 0.47821875 0.21946875000000002 0.1404375
4 0.716296875 0.658265625 0.17728125 0.10909374999999999
4 0.41403125 0.47282812500000004 0.16559375 0.078875
