67 0.501796875 0.3696171875 0.99640625 0.739234375
54 0.7139296875 0.5329609375000001 0.226515625 0.24329687500000002
54 0.3168515625 0.2721953125 0.192140625 0.21742187500000001
54 0.10196875 0.09775 0.17359375 0.1955
54 0.8087265625 0.33069531249999995 0.268453125 0.16107812500000002
54 0.7702265625 0.20982812499999998 0.23932812499999997 0.15337499999999998
54 0.48688281250000004 0.2915078125 0.161671875 0.178265625
54 0.5541171875 0.1472421875 0.35476562500000003 0.198515625
54 0.545390625 0.19675781250000002 0.2390625 0.158578125
54 0.6264218750000001 0.41989062499999996 0.11599999999999999 0.2305625
54 0.5510390625 0.31657812500000004 0.23370312499999998 0.167375
