4 0.5860468750000001 0.52553125 0.0681875 0.07365625
4 0.4014921875 0.550953125 0.071359375 0.12946875
6 0.97365625 0.3994296875 0.0526875 0.266140625
6 0.9102578124999999 0.331203125 0.09617187499999999 0.11396875
1 0.5584921875000001 0.522875 0.082640625 0.1880625
1 0.10757031250000001 0.453375 0.083796875 0.07096875
4 0.83578125 0.5330703124999999 0.04434375 0.124265625
1 0.8366875 0.4982109375 0.05646875 0.146984375
1 0.5842578125000001 0.38465625 0.016203125 0.0316875
1 0.0229453125 0.5167265625 0.042953124999999995 0.176046875
4 0.102921875 0.52740625 0.09028125000000001 0.14225000000000002
4 0.0193359375 0.556921875 0.035015625 0.12196875
4 0.7814609375 0.5403749999999999 0.076921875 0.14728125
1 0.7808515625 0.5169609374999999 0.08982812500000001 0.189765625
3 0.6694218749999999 0.512125 0.14550000000000002 0.16040625
3 0.666203125 0.39459374999999997 0.1028125 0.06899999999999999
8 0.5179921875 0.27225 0.036203125 0.03265625
1 0.46873437500000004 0.40041406250000006 0.0268125 0.032515625
1 0.4056640625 0.5219296874999999 0.094703125 0.191265625
1 0.395125 0.326546875 0.018625 0.0248125
3 0.8702578124999999 0.4378515625 0.130609375 0.131546875
3 0.638484375 0.4053203125 0.09159375 0.053609375
3 0.1995 0.43909375 0.15031250000000002 0.0725625
3 0.0581953125 0.50278125 0.089171875 0.15746875
3 0.4338359375 0.503875 0.167390625 0.15559375
3 0.533984375 0.41796875 0.14765625 0.0671875
3 0.493375 0.46807812500000007 0.11168750000000001 0.12765625
3 0.823078125 0.44892187499999997 0.1024375 0.08349999999999999
3 0.4249765625 0.41070312499999995 0.07535937499999999 0.04040625
8 0.4555 0.3062734375 0.04696875 0.069421875
8 0.54396875 0.3041328125 0.051437500000000004 0.052453125
8 0.664265625 0.3556796875 0.08784375 0.051203125
8 0.29762500000000003 0.3393359375 0.059750000000000004 0.064546875
8 0.3353125 0.3246875 0.05390625 0.045625
3 0.48801562499999995 0.383671875 0.11384375 0.049875
3 0.24557812499999998 0.5270625 0.27903125 0.17621875
3 0.5609375000000001 0.40468750000000003 0.8625 0.30625
