9 0.7154062499999999 0.19905468750000002 0.022125 0.014828125000000001
1 0.61084375 0.29714062500000005 0.06265625 0.16112500000000002
1 0.42477343749999996 0.316265625 0.055609375 0.129125
1 0.3120390625 0.300734375 0.051546875000000006 0.1419375
1 0.7320703125000001 0.326359375 0.051640624999999996 0.10278125
42 0.431640625 0.36831250000000004 0.09518750000000001 0.04896875
42 0.5983671875000001 0.369453125 0.064171875 0.05159375000000001
42 0.3200078125 0.35900781249999997 0.099359375 0.041171875000000004
42 0.5494687500000001 0.33687500000000004 0.045406249999999995 0.03453125
1 0.789390625 0.26127343750000004 0.01221875 0.040234375
9 0.1605 0.1992421875 0.03503125 0.015109375
42 0.7320234375 0.36327343749999996 0.07714062499999999 0.054640625
1 0.5261953125000001 0.28516406250000004 0.068296875 0.131453125
42 0.8597109375 0.28709375 0.028578125 0.00871875
42 0.7816562499999999 0.28125 0.058437499999999996 0.0073124999999999996
9 0.9467812499999999 0.19921875000000003 0.01175 0.01046875
