72 0.9625703125 0.539953125 0.07485937499999999 0.13134375
63 0.4450703125 0.6575703125 0.41676562500000003 0.198984375
63 0.300703125 0.7565937500000001 0.45828125000000003 0.1759375
84 0.8175546875 0.37096093750000003 0.035859375 0.043578125
84 0.758578125 0.4555546875 0.03853125 0.017921875
84 0.779609375 0.4919609375 0.034499999999999996 0.044578125
84 0.7672890625000001 0.5648906250000001 0.068984375 0.0204375
84 0.5536171875 0.69734375 0.102953125 0.04896875
84 0.622625 0.6907734375000001 0.0876875 0.036109375
84 0.7101953125 0.7283437500000001 0.118109375 0.051625
84 0.7661953125000001 0.3728046875 0.025171875 0.050984375000000005
84 0.8167890624999999 0.44474218750000005 0.026171875 0.033484375
75 0.6500625000000001 0.7545234375000001 0.058750000000000004 0.032359375
75 0.5593359375 0.6892187499999999 0.035828125 0.019
84 0.746125 0.370234375 0.0265625 0.05525
84 0.7828984375 0.3726328125 0.036828125 0.045671875
84 0.8034453125 0.3728515625 0.031421875 0.041328125
86 0.745484375 0.310640625 0.02275 0.0375625
84 0.83209375 0.37012500000000004 0.02578125 0.042812499999999996
84 0.790625 0.4765625 0.1125 0.26875
