16 0.1595625 0.9628749999999999 0.11081250000000001 0.0740625
16 0.21425 0.8940468749999999 0.06303125000000001 0.06965625
16 0.2366875 0.8323203124999999 0.0740625 0.045328125000000004
16 0.044109375000000006 0.6637656249999999 0.0345625 0.03671875
16 0.103984375 0.6932109375000001 0.02603125 0.041828125
16 0.11814843750000001 0.7248671875 0.042734375000000005 0.056171875
16 0.13371093750000002 0.7594765625 0.062109375 0.056296875
16 0.1413984375 0.8629843749999999 0.047109374999999995 0.09903125
16 0.20790625000000001 0.7833984375 0.06478125 0.061265625000000004
16 0.4233359375 0.9350624999999999 0.093703125 0.04346875
16 0.30977343749999997 0.5713671875 0.056546874999999996 0.068421875
16 0.0535625 0.837359375 0.06878125 0.0645625
16 0.5517187499999999 0.9661875 0.10225 0.057843750000000006
15 0.5353984375 0.7755703125 0.199703125 0.249546875
27 0.0643984375 0.460953125 0.048890625 0.06587499999999999
27 0.3188125 0.4563671875 0.0296875 0.040015625
31 0.44953906250000003 0.4446171875 0.009796875 0.031109375
31 0.5450625 0.433234375 0.00809375 0.01975
1 0.0341015625 0.5218437499999999 0.067703125 0.13034375
1 0.11038281250000001 0.49734375 0.12067187500000001 0.22200000000000003
1 0.12871875 0.49889062500000003 0.054156249999999996 0.10428124999999999
1 0.14994531249999998 0.49886718750000003 0.055484374999999996 0.104546875
1 0.48245312500000004 0.6373281249999999 0.39590625 0.35034375
1 0.2286796875 0.4528125 0.028203125000000002 0.0845625
1 0.2662109375 0.4614140625 0.049328125 0.106609375
1 0.50659375 0.450671875 0.03496875 0.10093749999999999
1 0.3813125 0.47589843750000005 0.04684375 0.155515625
1 0.4560703125000001 0.45652343749999996 0.036609375 0.090703125
1 0.323921875 0.47773437499999993 0.057437499999999996 0.14778125
1 0.047640625000000006 0.4870546875 0.02515625 0.080828125
15 0.184890625 0.5029765625 0.058374999999999996 0.057984375
15 0.4115703125 0.44540624999999995 0.029984375 0.024125
15 0.676546875 0.44836718750000004 0.05090625 0.016890625
16 0.29690625 0.6303828125000001 0.021156249999999998 0.026640625
31 0.398125 0.8543671875000001 0.15009375 0.133859375
1 0.5390546875 0.4434296875 0.023171875 0.064046875
15 0.2621171875 0.4679375 0.019515625 0.013000000000000001
15 0.3520625 0.4478515625000001 0.012 0.019796875
15 0.700125 0.44395312499999995 0.02665625 0.0214375
31 0.1676796875 0.49933593749999994 0.014828125000000001 0.021453125
16 0.371875 0.73125 0.740625 0.428125
1 0.39921875 0.48828125 0.5859375 0.1734375
