51 0.5561796875 0.3100703125 0.723046875 0.48667187500000003
55 0.496390625 0.19396875000000002 0.15015625 0.14878125
55 0.33643749999999994 0.258640625 0.15731250000000002 0.15271875
55 0.6298203125 0.2804375 0.157796875 0.14534375
55 0.4208125 0.38167968750000003 0.1300625 0.14345312500000001
55 0.5293593750000001 0.2933828125 0.10487500000000001 0.136265625
55 0.6535078125 0.1693984375 0.169640625 0.136265625
55 0.7077421875000001 0.38353125 0.161296875 0.14737499999999998
55 0.75690625 0.286390625 0.114125 0.12584375
55 0.5557656249999999 0.4299375 0.17024999999999998 0.1951875
55 0.4367109375 0.25807031249999995 0.091890625 0.11973437499999999
55 0.41921875 0.1393125 0.143375 0.13878125
67 0.5014296875 0.3061640625 0.996421875 0.609109375
