1 0.7658828125 0.6320156250000001 0.075484375 0.06409375
1 0.439484375 0.6081015625 0.1159375 0.11001562499999999
1 0.2313046875 0.615734375 0.149734375 0.0859375
1 0.1515703125 0.1911015625 0.053859375 0.047171875
1 0.112234375 0.31644531249999996 0.02703125 0.030109375
1 0.5909453124999999 0.30471875 0.062671875 0.11490625000000002
1 0.09102343749999998 0.1760859375 0.026859375 0.020890625
1 0.038218749999999996 0.26900781249999994 0.039375 0.036796875
42 0.6121328125 0.36550000000000005 0.082640625 0.01403125
42 0.8954765625 0.28374999999999995 0.081234375 0.0113125
42 0.1743125 0.22089062499999998 0.0486875 0.030125000000000002
1 0.856390625 0.2768125 0.11081250000000001 0.02090625
42 0.038101562500000005 0.2566484375 0.011765625 0.007109374999999999
1 0.6615625 0.1635546875 0.012625 0.015953125000000002
1 0.36049218750000006 0.18282812499999998 0.013796875 0.017249999999999998
1 0.492109375 0.1682265625 0.0174375 0.017953125
