72 0.4407265625 0.34213281250000005 0.291578125 0.262921875
74 0.7329765625 0.512375 0.062359374999999995 0.03375
76 0.5310234375 0.5331171875 0.282390625 0.10023437500000001
84 0.209671875 0.0455546875 0.0418125 0.091109375
84 0.2883515625 0.042390625 0.016171875 0.08478125
84 0.07110156249999999 0.051625000000000004 0.056484374999999996 0.0915625
84 0.020671875 0.04703125 0.0385 0.092625
84 0.17856249999999999 0.045656249999999995 0.030343750000000003 0.09131249999999999
84 0.2713125 0.043015625 0.02396875 0.085875
84 0.13454687499999998 0.044296875 0.063125 0.08859375
62 0.857515625 0.6822812500000001 0.24246875 0.13543750000000002
