17 0.567140625 0.48792187500000006 0.6016874999999999 0.35225
73 0.20561718750000002 0.1938203125 0.337078125 0.279765625
47 0.9319687499999999 0.41255468749999996 0.08415625 0.08885937499999999
72 0.5544921875000001 0.20140625 0.387640625 0.2545
76 0.425390625 0.42349218750000006 0.07884375 0.041578125
76 0.204203125 0.252375 0.21921875000000002 0.048375
84 0.496953125 0.38168749999999996 0.0841875 0.0309375
88 0.8355859375 0.34353124999999995 0.135015625 0.17484375000000002
84 0.087890625 0.5566484375 0.17578125 0.193359375
84 0.1961484375 0.4919296875 0.27082812500000003 0.133640625
84 0.9885859375 0.46214843749999995 0.022828124999999998 0.07323437499999999
