3 0.883390625 0.332453125 0.22525 0.20328125
62 0.026679687499999997 0.3161640625 0.05292187499999999 0.078890625
8 0.432546875 0.304859375 0.70915625 0.51425
1 0.08770312499999999 0.2935859375 0.061781249999999996 0.19142187500000002
1 0.0093203125 0.24821875000000004 0.018640625 0.056343750000000005
6 0.4370390625 0.304859375 0.697171875 0.51725
62 0.060953125 0.332828125 0.016843749999999998 0.04775
1 0.038171875 0.288125 0.046218749999999996 0.11490625000000002
3 0.9933046874999999 0.3068515625 0.013390625 0.022046875
3 0.9414765625 0.3307109375 0.117046875 0.088734375
8 0.882875 0.333359375 0.22028124999999998 0.19990625
