1 0.601546875 0.44381249999999994 0.19515625 0.33634375
1 0.2751640625 0.4979765625 0.550328125 0.404921875
1 0.6135156249999999 0.24963281250000002 0.11034375 0.176828125
1 0.346 0.39875 0.117875 0.161875
1 0.1287734375 0.3566328125 0.029390624999999997 0.061734374999999994
1 0.08592187500000001 0.33778125000000003 0.034937499999999996 0.038093749999999996
1 0.012382812500000001 0.3556875 0.023140625 0.060312500000000005
1 0.508609375 0.26263281250000003 0.0413125 0.149703125
52 0.6414609375 0.9195703125 0.217078125 0.160109375
52 0.5060625 0.8716953125 0.21309375 0.198359375
53 0.380125 0.7213359374999999 0.24700000000000003 0.135671875
31 0.43260156250000004 0.19435156250000002 0.023296875 0.032953125
1 0.0829140625 0.3683828125 0.042703124999999995 0.062921875
1 0.46501562499999993 0.3915859375 0.0705625 0.09223437500000001
9 0.6586328125 0.5851953125 0.182734375 0.10314062500000001
31 0.4129375 0.19560937500000003 0.010687499999999999 0.02859375
31 0.424421875 0.24891406250000003 0.02740625 0.061640625000000004
31 0.44694531249999997 0.2429296875 0.029828125 0.067078125
52 0.725234375 0.4427578125 0.04953125 0.052171875
52 0.6896171874999999 0.9268593749999999 0.060203125 0.059
1 0.7234531249999999 0.24975 0.053093749999999995 0.21340625000000002
1 0.099609375 0.395046875 0.02884375 0.0238125
9 0.275859375 0.76871875 0.50246875 0.43843750000000004
9 0.09753125000000001 0.883953125 0.19012500000000002 0.20740625000000001
9 0.06328906249999999 0.42655468750000003 0.11870312499999999 0.057578125
9 0.0626328125 0.46837500000000004 0.087140625 0.03446875
31 0.47567968749999995 0.1961640625 0.029015625 0.041390625
31 0.4266328125 0.1969765625 0.029078125 0.036546875
52 0.6161796875 0.888171875 0.033046874999999996 0.053437500000000006
53 0.0340546875 0.415265625 0.014703125000000001 0.00790625
1 0.6641796875 0.2483203125 0.057296875000000004 0.195171875
15 0.7100703125 0.3598046875 0.046953125 0.034328125
15 0.697296875 0.6085390625 0.10540624999999999 0.147734375
31 0.4118984375 0.22525781250000002 0.032859375 0.035265625
55 0.6685078125 0.813375 0.046265625 0.04428125
55 0.7056328125 0.7865937500000001 0.041015625 0.041249999999999995
1 0.24687499999999998 0.28828125 0.490625 0.2734375
