28 0.3294921875 0.1696328125 0.543828125 0.211234375
28 0.6797734375 0.19325781250000001 0.294390625 0.130328125
1 0.3724609375 0.6360078124999999 0.316015625 0.647859375
1 0.11460937500000001 0.0993125 0.07190625 0.14156249999999998
1 0.9058984375 0.48275781250000005 0.074890625 0.11795312499999999
1 0.801109375 0.6330625 0.14153125 0.4911875
1 0.1805546875 0.6180546874999999 0.271265625 0.709953125
1 0.6628046875000001 0.1346953125 0.034015625 0.040203125
1 0.5727890625000001 0.13609374999999999 0.074984375 0.059281249999999994
1 0.75590625 0.14909375 0.0926875 0.1003125
27 0.1903125 0.5330312500000001 0.17821875 0.22503125000000002
47 0.9330859374999999 0.69271875 0.081640625 0.11071875
1 0.61240625 0.6461328125 0.31596875 0.668828125
1 0.29753125 0.133953125 0.07946875 0.21565625000000002
1 0.047453125 0.148953125 0.04840625 0.20431249999999998
1 0.19764843750000002 0.0751171875 0.090671875 0.098609375
47 0.196625 0.0991796875 0.0156875 0.020484375
1 0.43065624999999996 0.07396093749999999 0.08003125 0.098890625
1 0.82421875 0.47421875 0.3484375 0.9453125
