65 0.28197656249999997 0.6134765625 0.47667187499999997 0.27942187500000004
65 0.221203125 0.316890625 0.1369375 0.12465625
73 0.44908593750000003 0.40106250000000004 0.069140625 0.0715
62 0.293609375 0.3758671875 0.054718750000000003 0.104390625
62 0.4015234375 0.47335937499999997 0.088234375 0.11796875
84 0.41799218749999995 0.2968984375 0.039453125 0.013765625
84 0.41932812500000005 0.3052890625 0.04690625 0.016328125
84 0.41340625000000003 0.32064062499999996 0.0335 0.02053125
84 0.41951562499999995 0.31042187499999996 0.0503125 0.02021875
84 0.41679687499999996 0.3179453125 0.028125 0.014796875000000001
