52 0.42174218750000003 0.4425390625 0.097203125 0.123796875
52 0.7651640625 0.57134375 0.087640625 0.12809375
52 0.57621875 0.5303125 0.44228125 0.29528125
47 0.5856250000000001 0.222125 0.06381250000000001 0.06603125
47 0.5414453124999999 0.20509375 0.063703125 0.05771875
47 0.7692421875000001 0.21326562500000001 0.068640625 0.0675
47 0.8340546875 0.20074999999999998 0.06839062500000001 0.0568125
47 0.4626328125 0.1644609375 0.043640625 0.052078124999999996
47 0.31965625 0.13109374999999998 0.0373125 0.0205625
47 0.712015625 0.192625 0.064375 0.05228125
47 0.653921875 0.19427343750000003 0.06465625 0.046671875
53 0.065390625 0.2355234375 0.025625 0.029734375
53 0.0463828125 0.23543750000000002 0.017671875 0.02403125
53 0.09290625000000001 0.24382031250000002 0.0296875 0.028796875
53 0.0249296875 0.23084375000000001 0.026484374999999998 0.0231875
53 0.017578125 0.2261953125 0.02003125 0.021328125
54 0.1389921875 0.183828125 0.056109374999999996 0.028499999999999998
54 0.210078125 0.12612500000000001 0.07190625 0.0308125
54 0.2251875 0.10990625000000001 0.05809375 0.02953125
54 0.1338515625 0.2147421875 0.121046875 0.055765625
54 0.12534375 0.1419375 0.0474375 0.029031249999999998
54 0.222921875 0.1628515625 0.07115625 0.023484375
55 0.23835156249999997 0.4493515624999999 0.051078124999999995 0.052515624999999996
55 0.47768750000000004 0.275953125 0.05809375 0.0701875
55 0.6016796875 0.3353984375 0.589890625 0.212359375
55 0.25157031250000006 0.24363281250000002 0.043421875 0.041203125
55 0.2086015625 0.257359375 0.066578125 0.05825
55 0.16484375 0.47060156250000007 0.0540625 0.049671875
55 0.405515625 0.5611484375 0.06696875 0.066171875
55 0.5791328124999999 0.6531562499999999 0.065203125 0.06740625
55 0.758421875 0.689328125 0.07415625 0.08090625
55 0.791296875 0.6176953125 0.07584375 0.069109375
47 0.5124296875000001 0.156109375 0.050328125 0.06590625
47 0.31756249999999997 0.165375 0.048562499999999995 0.04684375
47 0.5438984375 0.1390859375 0.021484375 0.038671875
53 0.1453046875 0.25659375 0.025703125 0.02475
53 0.1259140625 0.252515625 0.028640624999999996 0.027187499999999996
55 0.29478125 0.522234375 0.0594375 0.05365625
55 0.22892968749999998 0.4990078125 0.057171875000000004 0.050609375
55 0.7915703125000001 0.5699375 0.062140625000000005 0.0560625
47 0.42717968749999996 0.1839453125 0.045359375 0.060609375
54 0.1673984375 0.1662890625 0.051296875 0.026203125
58 0.1115625 0.09353125 0.0576875 0.03121875
55 0.43359375 0.4953125 0.7140625 0.50625
