20 0.5959921875 0.596203125 0.153171875 0.07440625
20 0.808796875 0.5457890625 0.17575000000000002 0.070734375
20 0.30772656249999997 0.5655781249999999 0.06414062499999999 0.056499999999999995
20 0.08936718749999999 0.5370312500000001 0.12889062499999998 0.10515624999999999
20 0.527578125 0.5233046875 0.12515625 0.111328125
20 0.19884374999999999 0.5683906249999999 0.07003125 0.044437500000000005
20 0.6553749999999999 0.470875 0.0911875 0.07265625
20 0.4206640625 0.563203125 0.097984375 0.051468749999999994
15 0.44709375 0.4506328125 0.079125 0.076765625
20 0.69740625 0.6243046875 0.068125 0.036515625
20 0.5627734375 0.47003125 0.031203124999999998 0.02790625
