1 0.0912109375 0.268515625 0.056546874999999996 0.11603125
1 0.5183984374999999 0.3030625 0.066640625 0.19803125
1 0.6165078125 0.30771875 0.065234375 0.23424999999999999
1 0.296265625 0.1407421875 0.016968749999999998 0.015296874999999998
1 0.2625390625 0.1308984375 0.009546875 0.016921875
35 0.383140625 0.6906328125 0.22696875 0.18651562500000002
35 0.5093203125 0.40104687499999997 0.13023437499999999 0.01378125
35 0.6143984375 0.42364062500000005 0.09376562499999999 0.020749999999999998
1 0.3573359375 0.1980703125 0.039359375 0.060015624999999996
1 0.372359375 0.4239921875 0.3944375 0.492578125
1 0.33265625 0.1454296875 0.0156875 0.014859375
35 0.07907031249999999 0.3256015625 0.079828125 0.011953125
35 0.1125546875 0.319078125 0.035546875 0.014781250000000001
