56 0.9291796875 0.5263515625 0.140046875 0.157359375
56 0.6087109375 0.591015625 0.089953125 0.1244375
56 0.3403359375 0.5749765625 0.10795312500000001 0.160421875
56 0.20850781250000003 0.4973671875 0.14745312500000002 0.13379687499999998
56 0.2084140625 0.37713281249999997 0.190234375 0.087390625
56 0.88528125 0.07703125 0.08987500000000001 0.076875
56 0.8577890625 0.1325078125 0.20182812499999997 0.081109375
56 0.585078125 0.531703125 0.07778125 0.10196875000000001
56 0.2011015625 0.075015625 0.10635937499999999 0.15003125
56 0.8183515625 0.0251953125 0.135515625 0.048640625
