19 0.5172265625 0.344046875 0.423296875 0.6368437499999999
3 0.250046875 0.5657031250000001 0.0845625 0.09478125
1 0.09475781250000001 0.48946875 0.18951562500000002 0.33128125
1 0.2761875 0.6012578125 0.050749999999999997 0.124921875
1 0.1690625 0.4849375 0.0925625 0.3415
1 0.29340625000000004 0.5550546875 0.03690625 0.071578125
1 0.3204140625 0.5760546875 0.028453125000000003 0.12989062499999998
1 0.36115625 0.5765078124999999 0.06587499999999999 0.17510937499999998
85 0.2625390625 0.19721875 0.033828125 0.0400625
44 0.1609765625 0.61484375 0.056984375 0.057874999999999996
