67 0.3351953125 0.56528125 0.656953125 0.6457499999999999
1 0.34146093749999995 0.2423828125 0.349109375 0.331265625
47 0.26721875 0.4215625 0.072875 0.08828125
48 0.62953125 0.646578125 0.0690625 0.12340625000000001
50 0.18928124999999998 0.7096093750000001 0.03996875 0.044656249999999995
59 0.3636796875 0.549171875 0.516609375 0.1360625
44 0.059546875 0.421234375 0.09415625 0.3275625
49 0.6498203124999999 0.62721875 0.028484375 0.07971875
47 0.10811718749999999 0.6475859374999999 0.14742187499999998 0.176140625
50 0.2774140625 0.46220312500000005 0.078671875 0.014468749999999999
