1 0.5002187499999999 0.2995390625 0.2651875 0.5084531250000001
1 0.693171875 0.273078125 0.073 0.12653125
1 0.1361875 0.331453125 0.06168749999999999 0.057374999999999995
1 0.1889140625 0.32296875 0.040234375 0.0698125
1 0.8646328125 0.2848828125 0.092890625 0.18060937500000002
1 0.2453125 0.2885078125 0.049625 0.064578125
1 0.10966406249999999 0.2925390625 0.032578125 0.054890625000000005
1 0.77825 0.3332890625 0.0690625 0.076734375
1 0.74703125 0.2165625 0.05450000000000001 0.055906250000000005
42 0.5426171875000001 0.5459999999999999 0.571671875 0.06459375
1 0.6337890625 0.3076640625 0.043390625 0.042203125
1 0.656125 0.279421875 0.0233125 0.053625
1 0.7164062499999999 0.208234375 0.03878125 0.05178125
1 0.6767500000000001 0.2159609375 0.02953125 0.050796875
1 0.4140625 0.28828125 0.703125 0.1328125
