64 0.1077890625 0.5670156250000001 0.036609375 0.09818750000000001
64 0.10225 0.599546875 0.02740625 0.029593750000000002
64 0.0895625 0.5461562499999999 0.01740625 0.03215625
64 0.059875 0.5878828125 0.026687499999999996 0.045515625
85 0.48102343750000004 0.1656796875 0.041953125 0.045890625000000004
1 0.70084375 0.55940625 0.0138125 0.025468750000000002
1 0.4165703125 0.586625 0.019859375000000002 0.06775
1 0.39425781249999997 0.586921875 0.021640625 0.06434375
1 0.361390625 0.586546875 0.01546875 0.06653125
1 0.85340625 0.542921875 0.03228125 0.037125000000000005
1 0.7351953125 0.5549609375000001 0.014921875000000001 0.023859375
1 0.7240390625 0.579734375 0.013453125 0.0589375
1 0.9152812499999999 0.56884375 0.0214375 0.0895
1 0.44044531249999996 0.584125 0.030640624999999998 0.0725
1 0.3128046875 0.590515625 0.022796875 0.05878124999999999
1 0.7152499999999999 0.5584296875000001 0.01109375 0.022796875
1 0.795109375 0.5547421874999999 0.01546875 0.013046875
1 0.32434375000000004 0.567359375 0.028468749999999998 0.03128125
1 0.809375 0.53828125 0.359375 0.0859375
