1 0.9086015624999999 0.45789062499999994 0.042453125 0.09128125000000001
1 0.22774999999999998 0.45970312500000005 0.034999999999999996 0.08878125
1 0.195140625 0.4616015625 0.043625000000000004 0.10804687500000001
1 0.8841015624999999 0.4555859374999999 0.030921874999999998 0.083765625
38 0.9254296875 0.085109375 0.091515625 0.08565625
38 0.8396640625 0.23862499999999998 0.025390625 0.0144375
38 0.7580859375 0.5083515625 0.079046875 0.033515625
38 0.39346093749999994 0.4995625 0.06023437499999999 0.03353125
1 0.17439062500000002 0.45941406250000005 0.030343750000000003 0.100359375
1 0.6276875000000001 0.4124765625 0.0075 0.011671875
1 0.6515859374999999 0.41300000000000003 0.007046874999999999 0.01065625
1 0.595296875 0.41080468750000004 0.0091875 0.010953125
1 0.5766875 0.4145859375 0.01103125 0.011953125
38 0.7068359375 0.4877421875 0.059890624999999996 0.029796875
38 0.8445078125000001 0.270171875 0.011453125 0.012125
38 0.8797343750000001 0.23454687500000002 0.008843750000000001 0.0108125
38 0.8984375 0.2179296875 0.010843750000000001 0.008984375
38 0.3892578125 0.3329140625 0.460046875 0.420421875
38 0.9191171874999999 0.2040859375 0.010859375000000001 0.008734374999999999
38 0.8621406250000001 0.2512734375 0.0080625 0.011640625
38 0.9630859375 0.177015625 0.011640625 0.014343749999999999
38 0.8267578125 0.285640625 0.005609375 0.0089375
38 0.5015625 0.27578125000000003 0.99375 0.5484375
