2 0.724546875 0.32853125 0.0464375 0.034875
3 0.15528124999999998 0.32284375 0.13584374999999999 0.05696875
3 0.9324687500000001 0.324890625 0.1325 0.06715625
3 0.5143125000000001 0.33731249999999996 0.167375 0.0679375
1 0.3814296875 0.3463125 0.046765625 0.13259375
1 0.4205078125 0.348171875 0.040890625 0.09825
1 0.47589843750000005 0.34959375000000004 0.045640625000000004 0.13690625
1 0.5262656250000001 0.3422578125 0.0545625 0.144109375
1 0.767078125 0.38534375 0.0545625 0.15971875
1 0.8746328125 0.321625 0.036828125 0.047593750000000004
1 0.7376171874999999 0.30225 0.025390625 0.02346875
28 0.49959375 0.26517968750000004 0.064625 0.020609375
28 0.4228671875 0.2938671875 0.044140625 0.016140625
27 0.483703125 0.33366406249999997 0.02915625 0.051171875
31 0.358671875 0.37471875 0.017687500000000002 0.0310625
10 0.6801015625000001 0.200984375 0.018203125 0.05659375
10 0.3855546875 0.24720312499999997 0.010671875 0.01978125
1 0.33628906249999996 0.29774218750000003 0.011015625 0.022890625
1 0.545328125 0.3008515625 0.0124375 0.023953125
1 0.305125 0.30158593749999996 0.01115625 0.027734375
1 0.21065625 0.301515625 0.01190625 0.034375
31 0.4321875 0.3268203125 0.0195625 0.027484375
31 0.5476015625 0.32721874999999995 0.015296874999999998 0.05675
3 0.08131250000000001 0.29740625 0.0405625 0.0206875
3 0.044796875 0.28960156249999996 0.03659375 0.024984375
28 0.7013515625 0.285046875 0.020609375 0.011375
31 0.794015625 0.3631328125 0.025312499999999998 0.031359375
3 0.1804375 0.3031640625 0.07159375 0.030671874999999998
28 0.48374999999999996 0.2899296875 0.029406250000000002 0.020453125
