47 0.16053906250000002 0.24124218749999998 0.073640625 0.072203125
47 0.7900703125 0.1004140625 0.045953125 0.088796875
73 0.26526562499999995 0.416640625 0.39668749999999997 0.37840625
74 0.7252890624999999 0.2736640625 0.079046875 0.041421875000000004
76 0.6033671875 0.4188203125 0.266296875 0.288203125
76 0.29300781249999996 0.470796875 0.214859375 0.18725
84 0.6404062500000001 0.049453125 0.1411875 0.0668125
84 0.42153125 0.30009375000000005 0.29021875 0.16809375
84 0.11232031249999999 0.145640625 0.140484375 0.0531875
84 0.41881250000000003 0.2400625 0.21340625000000002 0.15553125
72 0.4130859375 0.090828125 0.255859375 0.1796875
