32 0.629609375 0.2052109375 0.0765625 0.134453125
32 0.34228125000000004 0.19042187500000002 0.06359375 0.15078125
32 0.23677343750000002 0.2233984375 0.035203125 0.165921875
1 0.40930468750000004 0.298359375 0.311859375 0.57571875
1 0.18998437499999998 0.316140625 0.12565625 0.595375
1 0.6340546874999999 0.313640625 0.17470312500000001 0.56478125
1 0.811359375 0.365828125 0.07890625 0.17278125
1 0.7645078125 0.296234375 0.019703125 0.01815625
1 0.5731015625000001 0.374375 0.047640625 0.13443750000000002
1 0.06671875000000001 0.303609375 0.09446875 0.35234375
1 0.7555703125000001 0.348578125 0.073515625 0.10703125
15 0.8160156249999999 0.410703125 0.14609375 0.096875
27 0.7096015625 0.39794531250000004 0.084578125 0.111453125
27 0.45271093749999997 0.337078125 0.022140625 0.037625
27 0.7371484375 0.45171093749999996 0.06301562499999999 0.037796875
32 0.90603125 0.3535234375 0.0198125 0.058171875
1 0.9128671875000001 0.37165625 0.10204687500000001 0.18471875
27 0.7627265625 0.35525 0.039015625 0.06453125
41 0.6225390625 0.599765625 0.197546875 0.06959375
41 0.2077734375 0.614375 0.193078125 0.07625
41 0.33861718749999997 0.600984375 0.20201562499999998 0.056125
41 0.06532812499999999 0.49310937499999996 0.0525625 0.029343750000000002
41 0.020992187500000002 0.450046875 0.041984375000000004 0.027500000000000004
41 0.2931484375 0.47628125 0.037484375 0.009
1 0.5413828125 0.34900000000000003 0.032109375 0.11246875
1 0.0439921875 0.22478125 0.087984375 0.37728125
15 0.5083671875000001 0.44115625 0.195140625 0.08121874999999999
15 0.707484375 0.4404140625 0.09278125000000001 0.06692187499999999
32 0.76446875 0.353546875 0.015437500000000002 0.05275
41 0.9454531249999999 0.39965625 0.038406249999999996 0.13134375
1 0.44160156249999993 0.3527578125 0.037015625 0.135015625
1 0.9833359375 0.350375 0.033234375 0.10571875
