62 0.2595234375 0.1849375 0.034390625 0.05028125
62 0.1293984375 0.2099375 0.017578125 0.03934375
27 0.048945312500000004 0.23246875 0.037671875 0.01909375
1 0.22189062499999998 0.34161718750000003 0.14937499999999998 0.282296875
1 0.348171875 0.1944765625 0.0988125 0.17054687500000001
1 0.52246875 0.10117968749999999 0.0318125 0.10010937499999999
1 0.22040625 0.14765625 0.044906249999999995 0.12853125
1 0.20609375 0.1759921875 0.0635 0.096265625
1 0.14746874999999998 0.1873984375 0.0566875 0.088109375
1 0.0846875 0.18035156249999998 0.05371875 0.108359375
15 0.0546953125 0.161734375 0.109390625 0.029406250000000002
62 0.19267968749999997 0.196578125 0.049984375 0.057125
