41 0.092171875 0.517921875 0.03671875 0.12484375
41 0.530375 0.5313671875 0.147125 0.095828125
41 0.3078046875 0.503828125 0.052046875000000006 0.01934375
41 0.23397656249999998 0.498140625 0.027046874999999998 0.10646875
41 0.024390625 0.518625 0.0365625 0.11571875000000001
1 0.5302890625 0.41715625 0.190921875 0.26946875000000003
1 0.21459375 0.478328125 0.096375 0.18353124999999998
1 0.09232812500000001 0.5023046875 0.09828125 0.176328125
1 0.1453125 0.35429687499999996 0.06421875 0.1605
1 0.2938515625 0.4126015625 0.053421874999999994 0.188296875
1 0.3834453125 0.4459453125 0.067578125 0.097984375
1 0.41134375 0.4279453125 0.046375 0.071234375
1 0.1559453125 0.4918828125 0.089734375 0.162015625
1 0.8391796875 0.38675 0.040578125 0.12459374999999999
1 0.975140625 0.361421875 0.04971875 0.13090625
41 0.6003046875000001 0.4475078125 0.029546875 0.070921875
41 0.3730859375 0.4841875 0.028421875000000003 0.0134375
41 0.6472890625 0.44125000000000003 0.011234375000000001 0.00640625
1 0.0287734375 0.50146875 0.057546875 0.183875
1 0.6208359375 0.3764140625 0.023109374999999998 0.100265625
41 0.8202421875 0.4526328125 0.043953124999999996 0.010703124999999999
1 0.716765625 0.4140703125 0.058875 0.140015625
15 0.16559375 0.5169921875000001 0.12290625 0.052046875000000006
1 0.67578125 0.5359375 0.6453125 0.425
