1 0.39590625 0.3022109375 0.27184375 0.564828125
84 0.034203125 0.09951562500000001 0.03875 0.18146875
84 0.23646875 0.2334453125 0.07725 0.114140625
84 0.0496875 0.10659375 0.0244375 0.16190625
62 0.5010078125 0.21857031249999997 0.372640625 0.43451562499999996
84 0.0194140625 0.12357812500000001 0.036109375 0.12609375
84 0.011359375 0.138890625 0.02271875 0.0843125
84 0.1463203125 0.0405859375 0.020109375 0.081171875
84 0.0490703125 0.27982812500000004 0.098078125 0.0538125
84 0.0491875 0.30982031250000003 0.09609375 0.031421875
84 0.1991015625 0.35821875 0.116578125 0.07418749999999999
90 0.3617109375 0.42315625 0.031015625 0.049812499999999996
