1 0.390375 0.5303125000000001 0.65371875 0.9393750000000001
1 0.15540625 0.49324218750000004 0.3108125 0.9864843750000001
74 0.7582265625 0.710796875 0.091515625 0.0568125
74 0.6933359375 0.9601953124999999 0.11967187500000001 0.062859375
76 0.6132265625 0.819734375 0.244390625 0.14125000000000001
76 0.5570546875 0.5068671874999999 0.24901562500000002 0.25782812499999996
74 0.5674140625 0.337796875 0.106078125 0.07503125000000001
72 0.826828125 0.2416015625 0.07478125 0.483203125
72 0.7713203125 0.149890625 0.071765625 0.29978125
72 0.7253203125 0.0936484375 0.067796875 0.187296875
74 0.524921875 0.5158359375 0.14453125 0.032921875
