44 0.67634375 0.36767968749999996 0.028375 0.06754687499999999
44 0.7090703125 0.359421875 0.021109375 0.07521875
82 0.0498515625 0.41750781249999996 0.099703125 0.49310937499999996
62 0.557734375 0.36110937499999995 0.09315625 0.03365625
62 0.4412734375 0.3534375 0.033921875000000004 0.05475
50 0.9523906249999998 0.3617109375 0.09521874999999999 0.093453125
80 0.1000859375 0.3549375 0.065109375 0.0370625
81 0.626484375 0.42782031249999997 0.3455625 0.061046875
62 0.6813828125 0.34010156249999995 0.024234375 0.043265625
64 0.807640625 0.3012421875 0.14453125 0.189890625
64 0.6624296875 0.2963828125 0.113359375 0.196046875
47 0.1944453125 0.339015625 0.016484375000000002 0.019875
51 0.5017187500000001 0.39365625 0.0453125 0.018625
51 0.8508359375 0.393953125 0.085859375 0.04546875
51 0.9789921875 0.4476328125 0.042015625 0.050515624999999995
62 0.5599218749999999 0.33020312499999993 0.05959375 0.03575
67 0.6253046875 0.36271875 0.041984375000000004 0.022875
44 0.7360078125 0.225328125 0.006390625 0.022093750000000002
79 0.328859375 0.5657265625 0.22628125 0.173421875
67 0.4927421875 0.3707578125 0.044453124999999996 0.020546875
