1 0.322078125 0.44541406250000004 0.25396874999999997 0.417109375
1 0.6825234375 0.42349218750000006 0.218359375 0.5018281250000001
1 0.9603515625000001 0.4036484375 0.040359374999999996 0.134546875
1 0.5278359374999999 0.42600000000000005 0.041140625 0.09196875
1 0.7905546875 0.52478125 0.097609375 0.24578125
1 0.770078125 0.35359375 0.01584375 0.01909375
1 0.8927265625000002 0.38521875 0.028984375 0.10046875
1 0.45663281250000004 0.4662109375 0.038671875 0.052140624999999996
35 0.737109375 0.6744296875 0.3835 0.041546875
1 0.8446250000000001 0.4151796875 0.06003125 0.11785937500000002
35 0.43346875 0.6335625 0.11740625 0.01875
1 0.78253125 0.40093749999999995 0.039718750000000004 0.090625
1 0.7575234375 0.3792421875 0.024328125 0.061984375
1 0.476109375 0.5108671875 0.02740625 0.057078125
1 0.220546875 0.5079843749999999 0.04684375 0.05796875
35 0.3147734375 0.6494140625 0.149140625 0.018546874999999997
1 0.49921875 0.484375 0.9984375 0.3375
