67 0.5 0.48269531250000003 1.0 0.528515625
1 0.8193281250000001 0.23775000000000002 0.23246875 0.47340625000000003
52 0.8289296875 0.5761328125 0.118921875 0.039640625
52 0.8005234375000001 0.6026796875 0.151484375 0.033015625
84 0.3502578125 0.23446875 0.082171875 0.03240625
31 0.48362499999999997 0.2418046875 0.1180625 0.080984375
1 0.2795625 0.1368984375 0.033875 0.11179687499999999
52 0.3981171875 0.50175 0.155453125 0.0749375
67 0.9765859375 0.250359375 0.046828125 0.0393125
67 0.49796093750000003 0.16046875 0.094203125 0.041281250000000005
84 0.34890625 0.254046875 0.14750000000000002 0.02084375
44 0.44176562500000005 0.6439843749999999 0.1871875 0.21203124999999998
50 0.560515625 0.326609375 0.0840625 0.024875
50 0.5477734375 0.35640625 0.09276562499999999 0.0340625
52 0.8503515625 0.62334375 0.179578125 0.034125
52 0.8393906250000001 0.65203125 0.18740625 0.0335625
52 0.7426953125 0.6305859375 0.053828125000000004 0.037453125
62 0.9523124999999999 0.37091406250000003 0.09284375 0.239546875
51 0.34073437500000003 0.3731796875 0.09778125 0.057484375
51 0.4417734375 0.368921875 0.108296875 0.0720625
