62 0.7425078125 0.5068984375 0.109359375 0.177078125
62 0.62509375 0.40492968749999997 0.079375 0.054359375
62 0.4939765625 0.3639609375 0.077390625 0.044859375
62 0.38246874999999997 0.34861718750000004 0.06940625 0.029390624999999997
62 0.723375 0.30378125 0.0570625 0.0235
62 0.24588281250000002 0.33483593749999996 0.072171875 0.031890625
62 0.043640625 0.42840625000000004 0.08728125 0.040281250000000005
62 0.1826875 0.556984375 0.08787500000000001 0.23399999999999999
62 0.5165 0.29009375000000004 0.0374375 0.02446875
62 0.4411484375 0.25363281249999997 0.047703125 0.014640624999999999
62 0.3966796875 0.2872265625 0.051828125 0.020734375
73 0.5146015625 0.4776796875 0.10314062500000001 0.045796875
73 0.48469531250000003 0.3961171875 0.131578125 0.084828125
73 0.45667187499999995 0.3774140625 0.9133437499999999 0.288546875
62 0.6121171875 0.29875 0.027359375000000002 0.023125
62 0.349078125 0.25278125 0.029843750000000002 0.0159375
73 0.6274062499999999 0.26175 0.0646875 0.01028125
73 0.0213984375 0.5824218750000001 0.042796875 0.04084375
73 0.5200312500000001 0.26156250000000003 0.05493749999999999 0.0063125
62 0.4890625 0.271875 0.89375 0.059375
