62 0.17824218749999998 0.6393671875 0.177140625 0.280265625
67 0.2545859375 0.9280468749999999 0.266828125 0.14390624999999999
1 0.298875 0.6 0.4449375 0.47640625
1 0.20995312500000002 0.45384375 0.08871875 0.10931249999999999
1 0.438734375 0.4814453125 0.063 0.10582812500000001
46 0.6216640625 0.800828125 0.083328125 0.1610625
46 0.634734375 0.697859375 0.0643125 0.062125
47 0.42082031249999996 0.8539140625 0.10332812499999999 0.138953125
1 0.5786875 0.505609375 0.04596875 0.01890625
1 0.1044140625 0.565234375 0.130359375 0.32237499999999997
1 0.4850625 0.4930234375 0.031625 0.060890625
46 0.423765625 0.8535703125 0.10012499999999999 0.13929687500000001
47 0.6460312500000001 0.810453125 0.042312499999999996 0.1130625
48 0.44164843750000005 0.796890625 0.036421875 0.023625
1 0.058015625 0.9029843750000001 0.11603125 0.193625
1 0.50825 0.509203125 0.01515625 0.022375
51 0.457734375 0.957421875 0.16243749999999998 0.08515625
51 0.5602109375 0.9527343749999999 0.134203125 0.0905
