1 0.8965234375000001 0.3747890625 0.206953125 0.581671875
1 0.47150000000000003 0.32639843749999997 0.08446875000000001 0.121015625
1 0.69996875 0.3715625 0.07571875 0.21131250000000001
1 0.8110390624999999 0.394921875 0.074953125 0.28034375
1 0.36887499999999995 0.34536718749999995 0.06146875 0.126265625
1 0.21296875 0.3323828125 0.1190625 0.173421875
1 0.45566406249999997 0.3774453125 0.06792187499999999 0.087734375
27 0.6953828125 0.3245546875 0.044984375 0.061640625000000004
27 0.74009375 0.34259375000000003 0.01890625 0.04553125
1 0.5419765625 0.35699218749999995 0.058421875 0.146171875
1 0.7901796874999999 0.3149921875 0.038296875 0.065953125
1 0.3355546875 0.30665625 0.015453125000000002 0.028249999999999997
1 0.322109375 0.3311015625 0.039218750000000004 0.066296875
27 0.25051562499999996 0.339640625 0.04221875 0.05384375
27 0.573953125 0.41809375000000004 0.0625 0.051437500000000004
33 0.7082421875 0.6193906250000001 0.099734375 0.09115625000000001
33 0.6681328125 0.5307031249999999 0.09701562500000001 0.1139375
1 0.405078125 0.45322656250000004 0.0733125 0.276890625
33 0.6062500000000001 0.6194609375000001 0.10971875 0.09232812500000001
33 0.7563671875 0.4403046875 0.086546875 0.11664062500000001
33 0.469703125 0.6459765624999999 0.21221874999999998 0.039140625
33 0.48813281250000007 0.5672109375 0.111890625 0.145109375
33 0.6415234375000001 0.3586796875 0.022703124999999998 0.047921875
33 0.6235156249999999 0.559359375 0.071375 0.052468749999999995
33 0.6050390625 0.5273046874999999 0.028296875 0.077453125
33 0.6850625000000001 0.44089843749999996 0.02978125 0.076453125
33 0.6038828125000001 0.4116796875 0.049265625 0.062734375
1 0.275921875 0.38246874999999997 0.09990625 0.15278125
