85 0.06196875 0.285046875 0.023375 0.050031250000000006
62 0.20302343750000001 0.407828125 0.15101562500000001 0.173375
62 0.5465625000000001 0.4028125 0.2075625 0.19437500000000002
67 0.4121640625 0.262171875 0.045921875 0.014937500000000001
84 0.5416875 0.13478125000000002 0.01 0.02484375
84 0.517203125 0.17327343750000002 0.0098125 0.028046875
84 0.5075624999999999 0.210125 0.11621875 0.037593749999999995
84 0.306015625 0.11096874999999999 0.06984375000000001 0.027687499999999997
84 0.5240859375 0.175140625 0.005109375 0.02353125
84 0.5001484375 0.17582031250000002 0.004390625 0.024546875000000003
84 0.5209296875 0.17184375 0.144953125 0.03209375
84 0.569109375 0.135203125 0.01096875 0.026000000000000002
84 0.47046875000000005 0.1029921875 0.008 0.026828125
84 0.5287421875 0.13768750000000002 0.012671874999999999 0.025343749999999998
84 0.481328125 0.1385 0.0075625 0.025
84 0.47509375 0.1422109375 0.006562500000000001 0.018265625
84 0.5108984375 0.106484375 0.012796875 0.01821875
84 0.39921875 0.175 0.3953125 0.18125
