3 0.2998671875 0.5996328125 0.061828125 0.071609375
3 0.37714843750000004 0.6032968750000001 0.130609375 0.10784374999999999
3 0.49996874999999996 0.61165625 0.06865625 0.060406249999999995
3 0.5518437500000001 0.6253593749999999 0.03596875 0.029187499999999998
3 0.44698437500000004 0.60771875 0.0495 0.07425000000000001
3 0.6605624999999999 0.639328125 0.0171875 0.013250000000000001
3 0.57953125 0.631015625 0.024375 0.02003125
5 0.4648984375 0.323078125 0.248328125 0.07328124999999999
3 0.6016796875000001 0.634890625 0.016109375000000002 0.013125000000000001
3 0.03853125 0.6084140625000001 0.0770625 0.114421875
