1 0.4145625 0.3947421875 0.137625 0.307140625
1 0.583234375 0.30882031249999997 0.08559375 0.218203125
1 0.6585859374999999 0.4159375 0.107453125 0.17840625000000002
1 0.774546875 0.484640625 0.32646875 0.37696874999999996
36 0.4926015625 0.5622578125 0.673015625 0.352453125
1 0.8967578125 0.165234375 0.015515625 0.03428125
1 0.8603984375 0.168890625 0.018046875 0.0406875
1 0.9376640625 0.166546875 0.018265625 0.0333125
1 0.8281718749999999 0.1624921875 0.0195625 0.039140625
1 0.7738046875000001 0.2371328125 0.43979687500000003 0.243953125
1 0.811875 0.15584375 0.01290625 0.02371875
1 0.096203125 0.181203125 0.020999999999999998 0.07171875
1 0.26754687499999996 0.3957578125 0.13321875 0.194046875
