1 0.37528125 0.6569296875 0.32359375 0.595515625
1 0.17303125 0.7426953125 0.3460625 0.514609375
38 0.25932031250000004 0.1558125 0.040359374999999996 0.0305625
38 0.5915312500000001 0.25653125 0.031125000000000003 0.02040625
38 0.16252343749999998 0.18735156249999999 0.029046875 0.019359375
31 0.609125 0.8183046875000001 0.027437499999999997 0.057203125
38 0.5629453125 0.46060156250000006 0.059890624999999996 0.090015625
38 0.4885390625 0.48110937499999995 0.046421875 0.07171875
38 0.134421875 0.537296875 0.01784375 0.01596875
38 0.45978125000000003 0.615328125 0.026250000000000002 0.033625
38 0.6226171875 0.6554296875000001 0.051390625 0.08692187500000001
1 0.39834375 0.8569375000000001 0.06103125 0.14753125
1 0.6378359375 0.811265625 0.058703125 0.22696875
