1 0.9272968749999999 0.13765625 0.040531250000000005 0.1443125
1 0.9645859375 0.118671875 0.028796875 0.06787499999999999
1 0.980546875 0.118265625 0.0158125 0.057937499999999996
1 0.99209375 0.12641406249999998 0.0158125 0.080140625
27 0.9475 0.1188125 0.0140625 0.0473125
3 0.1254140625 0.1585 0.125765625 0.061
3 0.85240625 0.1084453125 0.0251875 0.017859375
3 0.36031250000000004 0.1945078125 0.36196875 0.204390625
3 0.549140625 0.12124218749999999 0.0496875 0.044453124999999996
3 0.8678437499999999 0.06928124999999999 0.00984375 0.00853125
1 0.9513828125 0.099734375 0.013671875 0.01903125
3 0.7951796875 0.1036640625 0.016234375000000002 0.015703125000000002
8 0.8572031250000001 0.087375 0.0144375 0.0144375
8 0.6823750000000001 0.061546874999999994 0.11125 0.12237499999999998
3 0.8653203125000001 0.09533593750000001 0.014578125 0.017265625
3 0.8478203124999999 0.08697656250000001 0.004921875 0.0073906250000000005
3 0.8633984375 0.05213281249999999 0.007546875 0.008046875
8 0.35648437499999996 0.192453125 0.36021875 0.20125
8 0.7949531249999999 0.103140625 0.01640625 0.0169375
