32 0.8013515625000001 0.2723046875 0.053078125 0.104859375
32 0.22569531250000002 0.3028046875 0.031109375 0.072109375
32 0.4990234375 0.2573359375 0.07964062499999999 0.11395312500000002
41 0.49173437500000006 0.5636640625 0.1075625 0.040828125
41 0.8082499999999999 0.5602343750000001 0.12446874999999999 0.04925
41 0.32421874999999994 0.4866796875 0.042562499999999996 0.026484374999999998
41 0.2190234375 0.4895625 0.05292187499999999 0.023125
41 0.13566406250000002 0.48380468750000005 0.061328125 0.028640624999999996
41 0.44565625 0.46114062499999997 0.0465625 0.02225
41 0.9772656249999999 0.42209375 0.0283125 0.110625
41 0.2585234375 0.4605625 0.038421875 0.0223125
31 0.795640625 0.3052421875 0.07128124999999999 0.146984375
31 0.284453125 0.31277343750000003 0.0246875 0.041046875
1 0.508265625 0.3433359375 0.15131250000000002 0.431015625
1 0.8291093749999999 0.3500859375 0.1409375 0.403296875
1 0.229859375 0.3494140625 0.09253125 0.268671875
1 0.35458593750000006 0.35008593750000006 0.115453125 0.268359375
1 0.891828125 0.382 0.05178125 0.08215625
1 0.666921875 0.351828125 0.05746875 0.14809375
1 0.27853125 0.34475781250000004 0.0714375 0.218953125
1 0.0832109375 0.33184375 0.163421875 0.6581875
1 0.57390625 0.3627578125 0.0600625 0.246671875
1 0.9457187499999999 0.39803125 0.09284375 0.16578125
1 0.9015703125 0.3265859375 0.027296874999999998 0.038078125000000004
1 0.3932265625 0.357328125 0.055546874999999996 0.155
27 0.5172578125 0.23989062500000002 0.077953125 0.08396875000000001
32 0.940625 0.381296875 0.017687500000000002 0.051937500000000004
41 0.3850703125 0.4398046875 0.043671875 0.021296875
41 0.0925 0.5264140625 0.032468750000000005 0.020234375
15 0.67925 0.4105703125 0.20559375000000002 0.046109375
27 0.7227578124999999 0.36219531250000003 0.014640624999999999 0.024796875
27 0.284421875 0.3189921875 0.0233125 0.051328125
27 0.757953125 0.40072656250000005 0.04903125 0.059578125
31 0.687421875 0.3781015625 0.016593749999999997 0.020359375
31 0.1455625 0.254265625 0.059687500000000004 0.1371875
41 0.29478125000000005 0.4453984375 0.035562500000000004 0.018390625
1 0.293234375 0.2717734375 0.027875 0.041796875
1 0.5 0.37734375 0.825 0.2796875
41 0.38046874999999997 0.46171875 0.5515625 0.0921875
