28 0.3702578125 0.289359375 0.14751562499999998 0.04
28 0.09335156250000001 0.321890625 0.085515625 0.04403125
28 0.943484375 0.3503671875 0.05190625 0.061015625
28 0.903 0.3460234375 0.07440625 0.077453125
28 0.8486953125 0.3597265625 0.11364062500000001 0.09817187499999999
28 0.743984375 0.347296875 0.08528125 0.05325
28 0.694125 0.31934375000000004 0.07590625 0.031093749999999996
28 0.62259375 0.3533515625 0.1073125 0.106671875
28 0.5608671875000001 0.3427890625 0.090515625 0.058171875
62 0.4700703125000001 0.384015625 0.056234375 0.06834375000000001
62 0.5407890625 0.3869765625 0.058984375 0.051578124999999996
62 0.126796875 0.36848437500000003 0.04084375 0.0550625
62 0.6668281249999999 0.38449218749999997 0.03415625 0.036734375
62 0.8820468750000001 0.400578125 0.05646875 0.025468750000000002
62 0.0308828125 0.3720234375 0.048109374999999996 0.043140625
62 0.634875 0.39487500000000003 0.02346875 0.02071875
1 0.35115624999999995 0.3920625 0.060375 0.072
1 0.284421875 0.38022656250000003 0.03309375 0.051484375000000006
1 0.6537343750000001 0.35977343749999996 0.01846875 0.018734375
1 0.1530546875 0.39409375 0.05923437499999999 0.0589375
1 0.796515625 0.3753828125 0.013750000000000002 0.014671875000000001
1 0.5745312499999999 0.3708984375 0.0115625 0.010515625
1 0.63084375 0.361296875 0.008843750000000001 0.011125
1 0.29233593750000003 0.3899296875 0.07229687500000001 0.074921875
1 0.7999375 0.35822656249999996 0.011625 0.015265625
28 0.3815234375 0.321390625 0.11370312499999999 0.028625
28 0.0644296875 0.30863281249999996 0.093984375 0.033796875
62 0.715078125 0.383296875 0.0421875 0.04
62 0.852421875 0.3873359375 0.039 0.043484375
1 0.9086953125000001 0.37190624999999994 0.022984375 0.0215
1 0.22788281250000003 0.37749218749999996 0.032953125 0.035015625
62 0.7657812500000001 0.39468749999999997 0.03046875 0.01609375
62 0.958921875 0.3869296875 0.033625 0.040203125
1 0.793375 0.36508593749999996 0.010624999999999999 0.013359375000000001
28 0.48052343750000004 0.32623437499999997 0.086515625 0.04965625
28 0.27128125000000003 0.31053125 0.0965 0.03
62 0.9848437499999999 0.386546875 0.029656250000000002 0.037343749999999995
1 0.9200390625 0.3736015625 0.020640625000000003 0.016453125
62 0.45703125 0.375 0.8203125 0.059375
28 0.49843750000000003 0.33671875 0.99375 0.0734375
1 0.5171875 0.359375 0.9625 0.078125
