9 0.1666328125 0.8408046874999999 0.275890625 0.11126562499999999
9 0.2253359375 0.673765625 0.307171875 0.06503125
9 0.173421875 0.5853671875 0.299875 0.067109375
9 0.368453125 0.521046875 0.34546875 0.07653125
9 0.5027734375 0.4055390625 0.225015625 0.048609374999999996
9 0.38363281250000003 0.3607890625 0.258609375 0.047703125
9 0.463015625 0.3435546875 0.1870625 0.044546875
9 0.4011875 0.2363984375 0.2930625 0.07814062499999999
9 0.085390625 0.056179687500000006 0.12584375 0.062921875
9 0.4711171875 0.32122656250000003 0.23535937499999998 0.043234375000000005
