47 0.7667499999999999 0.3238203125 0.05965625 0.051265625
51 0.4208046875 0.6186484375 0.128078125 0.095890625
51 0.252953125 0.47870312499999995 0.11409375 0.08290625
51 0.449640625 0.212375 0.05321875 0.026375
51 0.3003125 0.220328125 0.03903125 0.03384375
51 0.206640625 0.3055 0.04928125 0.03984375
51 0.6756718749999999 0.1993359375 0.109125 0.073265625
61 0.3201328125 0.30728125 0.065234375 0.060250000000000005
61 0.39260937500000004 0.254234375 0.0568125 0.04453125
88 0.88171875 0.2587421875 0.20437500000000003 0.268296875
88 0.8235546874999999 0.128453125 0.203078125 0.22240625
88 0.6170625000000001 0.1595625 0.08553125 0.0925625
88 0.2533671875 0.1370234375 0.183328125 0.198421875
88 0.1421484375 0.28025 0.148609375 0.1776875
88 0.3939921875 0.13792187500000003 0.116578125 0.14896875
88 0.86640625 0.179953125 0.12409375 0.14365624999999999
47 0.2077109375 0.3070859375 0.045703125 0.041484375000000004
47 0.3713828125 0.222765625 0.091234375 0.07925
84 0.0791796875 0.1671328125 0.118015625 0.258390625
47 0.5634609375 0.19278906250000002 0.039734375 0.031984374999999995
47 0.7468984375 0.2322265625 0.040234375 0.032640625
61 0.4573203125 0.2971171875 0.065203125 0.065203125
61 0.40531249999999996 0.336828125 0.0686875 0.062375
51 0.286578125 0.6229296875 0.061906249999999996 0.047390625
51 0.2252578125 0.635984375 0.064203125 0.046
51 0.311984375 0.586203125 0.057999999999999996 0.05096874999999999
51 0.5198359375 0.25990625 0.060640625000000004 0.0421875
51 0.199796875 0.6058281249999999 0.060406249999999995 0.0464375
51 0.2551640625 0.594546875 0.056765625 0.04459375
