44 0.0325546875 0.35448437499999996 0.026140625 0.09515625
44 0.67459375 0.37964843750000005 0.0298125 0.072203125
44 0.23230468750000002 0.34867187499999996 0.019234375 0.0435625
1 0.3926015625 0.35174218749999997 0.15135937500000002 0.388390625
47 0.43635156250000007 0.45578906249999995 0.051859375 0.099015625
81 0.231859375 0.3807578125 0.09515625 0.016796875
46 0.0779375 0.3913203125 0.03371875 0.074828125
49 0.8295234375 0.3563046875 0.018953125 0.045828125
49 0.83521875 0.3694765625 0.006 0.015109375
50 0.8570468750000001 0.3562734375 0.03796875 0.077890625
50 0.7791796874999999 0.307328125 0.024484375 0.04796875
51 0.1670859375 0.3828984375 0.044796875 0.017296875
55 0.0999375 0.4061953125 0.025312499999999998 0.024390625
82 0.603671875 0.32039843749999997 0.036875000000000005 0.180859375
50 0.788578125 0.3628125 0.0525625 0.06953125
51 0.45864843749999995 0.368546875 0.168234375 0.0463125
79 0.830484375 0.27766406250000003 0.031406250000000004 0.080265625
