56 0.120625 0.2855546875 0.23878125 0.230171875
56 0.408640625 0.394484375 0.3889375 0.2129375
56 0.6968984374999999 0.375546875 0.168703125 0.2899375
56 0.1577890625 0.3321640625 0.165765625 0.10192187500000001
56 0.6687109375 0.12042187499999998 0.22507812500000002 0.24084374999999997
56 0.23883593749999998 0.0639296875 0.239453125 0.122796875
56 0.277515625 0.1811171875 0.1498125 0.197703125
57 0.0607421875 0.4652734375 0.121484375 0.088984375
56 0.182953125 0.36257812500000003 0.16184375 0.12665625
57 0.5252656250000001 0.01959375 0.07321875 0.0391875
56 0.099328125 0.16546875 0.1479375 0.1349375
56 0.5509453125 0.4855234375 0.109515625 0.059484375
56 0.4594140625 0.3153203125 0.073921875 0.07926562499999999
57 0.33820312500000005 0.32871874999999995 0.12606250000000002 0.14775
