9 0.522296875 0.3918125 0.51790625 0.135625
9 0.6389765625 0.4487578125 0.282453125 0.112546875
1 0.6874296875000001 0.1644453125 0.015734375000000002 0.035515625
1 0.623328125 0.246859375 0.0226875 0.104375
9 0.16854687499999998 0.260703125 0.06846875 0.08690624999999999
1 0.18342187499999998 0.22518749999999998 0.02053125 0.02578125
9 0.50809375 0.3261328125 0.5463125 0.170015625
9 0.742515625 0.5079609374999999 0.06999999999999999 0.155953125
9 0.38375781249999996 0.247953125 0.422671875 0.1434375
9 0.035765625 0.2123125 0.0685 0.05021875
9 0.21687499999999998 0.2267578125 0.2815625 0.124796875
