51 0.1564296875 0.6849453125000001 0.309515625 0.09651562500000001
56 0.703265625 0.4679609375 0.11225 0.14385937499999998
56 0.2366328125 0.5046875 0.186859375 0.11875
56 0.2479765625 0.25496093750000004 0.076828125 0.094296875
56 0.366421875 0.23109375 0.13453125 0.0605
56 0.5368906250000001 0.2813671875 0.15278125 0.115265625
56 0.2086875 0.36934375 0.0890625 0.10303124999999999
56 0.4339609375 0.557078125 0.117015625 0.10478125
56 0.616265625 0.4509375 0.3658125 0.309625
57 0.6445859375 0.28676562499999997 0.07029687500000001 0.0485
57 0.1601875 0.38303906249999997 0.04846875 0.069765625
57 0.415765625 0.33433593749999996 0.079625 0.078984375
57 0.4182421875 0.452296875 0.054140625 0.038406249999999996
57 0.29396875 0.237078125 0.0381875 0.03653125
51 0.5000625 0.38765625 0.7970937499999999 0.53584375
56 0.667390625 0.32314843750000005 0.10934375 0.061765625000000005
56 0.3635859375 0.5061875 0.106734375 0.13174999999999998
57 0.7927421875 0.4966640625 0.088984375 0.06185937500000001
79 0.697640625 0.5637265625000001 0.60471875 0.326890625
44 0.0381171875 0.180015625 0.076234375 0.29109375000000004
57 0.6106796875 0.2552421875 0.063828125 0.062921875
57 0.4761875 0.2356953125 0.039125 0.041484375000000004
57 0.34728125 0.416765625 0.07821875 0.0655625
57 0.7161484374999999 0.31039062500000003 0.076390625 0.058125
57 0.64490625 0.340140625 0.04878125 0.0290625
