35 0.5291328125 0.640328125 0.286578125 0.028968749999999998
1 0.4026328125 0.38003906249999997 0.27917187499999996 0.497671875
1 0.621546875 0.4748046875 0.1599375 0.316703125
1 0.821078125 0.43072656249999997 0.33096875 0.532078125
1 0.2731640625 0.444984375 0.159953125 0.36421875
1 0.6831875 0.533171875 0.02275 0.03446875
1 0.548859375 0.5615625 0.02015625 0.0185
1 0.8274062499999999 0.3580859375 0.32346875 0.673234375
1 0.5909218749999999 0.574890625 0.00953125 0.0190625
1 0.1587421875 0.4613515625 0.11417187499999999 0.311859375
35 0.6377343750000001 0.6254062499999999 0.13565624999999998 0.005
35 0.9542265624999999 0.6654375 0.091546875 0.0095
1 0.10704687500000001 0.5357109375 0.0364375 0.117140625
35 0.756359375 0.6918593749999999 0.1960625 0.025656250000000002
