54 0.29428125 0.6085468749999999 0.24009375 0.193625
1 0.33203125 0.5640468750000001 0.6640625 0.8449375
27 0.415890625 0.5263593750000001 0.35396875 0.2095625
31 0.5050625 0.8325859375 0.318 0.334828125
1 0.5446484374999999 0.38512499999999994 0.012078125 0.059
1 0.5336093749999999 0.37578906250000005 0.02046875 0.048859375
1 0.28615625000000006 0.3645625 0.011125 0.03371875
1 0.29253124999999996 0.371921875 0.01871875 0.04596875
1 0.6311093750000001 0.38159375 0.01990625 0.06221875
58 0.29698437499999997 0.6076328125 0.2384375 0.182046875
