1 0.610421875 0.3928984375 0.1759375 0.344828125
1 0.917375 0.18203906250000002 0.06990625 0.167109375
22 0.289890625 0.33876562499999996 0.57303125 0.36740625
22 0.5129609375 0.2568671875 0.215328125 0.136515625
22 0.79821875 0.21264062499999997 0.1110625 0.06565625
22 0.4274375 0.3154765625 0.24921875 0.26545312499999996
31 0.8949765625 0.183734375 0.022859375 0.03615625
1 0.961765625 0.22933593749999998 0.07115625 0.17901562499999998
22 0.8593828125 0.2246875 0.207234375 0.09265625
22 0.5892265625 0.19416406249999998 0.076734375 0.031734374999999995
85 0.5709921874999999 0.40845312500000003 0.010640624999999999 0.0099375
1 0.692984375 0.24991406249999998 0.17790625 0.348453125
