6 0.607765625 0.3263828125 0.65215625 0.506734375
1 0.3373828125 0.174421875 0.057796875000000004 0.060687500000000005
8 0.13931250000000003 0.3804296875 0.27556250000000004 0.326078125
1 0.5190390625 0.179078125 0.055984374999999996 0.051968749999999994
1 0.368671875 0.36115625 0.07528125 0.0726875
1 0.72428125 0.187421875 0.0699375 0.04778125
1 0.67453125 0.1786953125 0.015875 0.035609375
1 0.755421875 0.187375 0.023125 0.0475625
1 0.6139843749999999 0.188265625 0.012687499999999999 0.02046875
1 0.3916875 0.1754921875 0.04425 0.058328124999999995
1 0.9024296875 0.20554687500000002 0.016453125 0.0206875
