2 0.7441015625 0.4305 0.275859375 0.1720625
6 0.7158359375000001 0.297546875 0.495015625 0.4403125
1 0.45027343749999993 0.3725 0.088390625 0.15009375
1 0.1813203125 0.38570312500000004 0.069484375 0.19396875
1 0.1194140625 0.34917187499999996 0.073390625 0.17078125
1 0.0260234375 0.4051484375 0.049390625 0.206453125
1 0.07933593750000001 0.360140625 0.062484375 0.141375
1 0.84946875 0.31967187500000005 0.1023125 0.08353125
1 0.6965546875 0.3207109375 0.061109375 0.086265625
1 0.31827343750000003 0.3643125 0.019109375 0.05046874999999999
2 0.82190625 0.3932734375 0.04803125 0.060046875
6 0.17447656250000002 0.2987421875 0.302203125 0.267578125
31 0.21976562500000002 0.42083593750000003 0.032937499999999995 0.06982812499999999
1 0.2738203125 0.38991406250000005 0.082484375 0.238015625
1 0.4036328125 0.404515625 0.021578125 0.20003125000000002
