41 0.427375 0.3421640625 0.069125 0.057609375
1 0.333140625 0.3175859375 0.222375 0.20835937499999999
1 0.2667421875 0.20334375 0.126171875 0.224125
1 0.1710703125 0.329078125 0.119703125 0.14850000000000002
1 0.1677109375 0.2720625 0.156953125 0.2010625
1 0.049312499999999995 0.35977343749999996 0.09862499999999999 0.17645312500000002
1 0.36242968750000004 0.176546875 0.133546875 0.22984374999999999
1 0.440734375 0.12353125000000001 0.1370625 0.23509375000000002
1 0.3054375 0.20063281249999998 0.139875 0.206390625
1 0.2060234375 0.19319531250000002 0.079796875 0.10701562499999999
41 0.26551562500000003 0.302828125 0.39637500000000003 0.32884375
44 0.3566953125 0.21224218749999998 0.023171875 0.028734375
44 0.32667968750000004 0.3055625 0.024203125 0.029125
