1 0.4267734375 0.3053671875 0.165484375 0.38298437500000004
1 0.2435078125 0.38777343750000004 0.169140625 0.5218281250000001
1 0.8071484375 0.3976484375 0.220421875 0.522390625
1 0.5868671875 0.2819375 0.207390625 0.30446875
27 0.13224999999999998 0.24871875 0.15328124999999998 0.32009375
27 0.5980937500000001 0.1857265625 0.0885625 0.10714062499999999
27 0.8565546875000001 0.2536484375 0.16904687499999999 0.230390625
27 0.3808125 0.14561718750000002 0.04559375 0.042171875
35 0.2811328125 0.6070234375 0.562265625 0.07810937500000001
35 0.3965234375 0.5099374999999999 0.28923437500000004 0.1075
35 0.584609375 0.4439140625 0.267875 0.10714062499999999
