1 0.8965625 0.5120078125 0.206875 0.307359375
1 0.47584375 0.31929687500000004 0.05600000000000001 0.0770625
1 0.076765625 0.3631953125 0.11296874999999999 0.138015625
1 0.5922265625 0.46703125 0.167921875 0.33134375
1 0.775078125 0.29398437499999996 0.029187499999999998 0.05065625
39 0.6361875 0.3098046875 0.04771875 0.113328125
40 0.1181171875 0.37071875 0.024859375 0.025625
1 0.885734375 0.538484375 0.2245 0.24734375000000003
37 0.2670546875 0.2939296875 0.010109375 0.010109375
40 0.48064843749999997 0.33399218750000004 0.011859375 0.011859375
40 0.8005078125 0.43111718749999994 0.050890625 0.030546875
40 0.7754453124999999 0.2935234375 0.009515625 0.0045156250000000005
