32 0.533140625 0.69225 0.0221875 0.1285
85 0.45442187500000003 0.100234375 0.11340625 0.11521875
31 0.088734375 0.49760937499999996 0.0473125 0.0705625
31 0.15512499999999999 0.48340625000000004 0.01653125 0.057125
31 0.1791875 0.7100546875 0.01484375 0.07420312500000001
31 0.320625 0.6891406250000001 0.01878125 0.0295
1 0.0890703125 0.5350234375 0.074484375 0.214203125
1 0.16407812500000002 0.5221796875 0.06343750000000001 0.194578125
1 0.1651015625 0.7156484375 0.10735937499999999 0.174328125
1 0.2755 0.7126796875 0.12003124999999999 0.181984375
1 0.5070390625 0.7385546875 0.186890625 0.420203125
1 0.704296875 0.846953125 0.03303125 0.21246874999999998
1 0.46414843749999996 0.432203125 0.038578125000000005 0.08653125
1 0.42525 0.4393671875 0.032 0.09829687499999999
1 0.25740624999999995 0.4399453125 0.03284375 0.08692187500000001
1 0.29524218750000003 0.422359375 0.029671874999999997 0.0775625
27 0.19473437500000002 0.554015625 0.02853125 0.0535625
31 0.4772578125 0.426625 0.016953125 0.014781250000000001
31 0.1799609375 0.4264375 0.015359375 0.03409375
77 0.2203125 0.688984375 0.008875 0.00403125
77 0.146328125 0.6586249999999999 0.0063750000000000005 0.011375
1 0.32201562499999997 0.42042968750000004 0.0231875 0.070390625
1 0.1071171875 0.4259921875 0.032046875 0.083265625
31 0.427 0.439 0.02471875 0.0198125
1 0.126046875 0.4356953125 0.02609375 0.098421875
1 0.26484375000000004 0.44375 0.2828125 0.13125
