54 0.35089843750000005 0.34892968750000003 0.46479687500000005 0.342359375
47 0.7119062500000001 0.17314843749999997 0.13868750000000002 0.262015625
47 0.32515625000000004 0.064375 0.1169375 0.12350000000000001
47 0.026875 0.134484375 0.05375 0.24775
47 0.48280468750000005 0.082328125 0.15632812499999998 0.14978125
48 0.047140625000000005 0.3486484375 0.09428125000000001 0.232171875
60 0.2850625 0.2817734375 0.26465625 0.21857812499999998
60 0.35560156249999997 0.311546875 0.205859375 0.20834375
60 0.5997890625 0.11336718750000001 0.103640625 0.078421875
60 0.5716953124999999 0.1283203125 0.076765625 0.056078125
47 0.1959765625 0.039585937499999994 0.08842187500000001 0.077859375
67 0.39128125 0.3693359375 0.7799375000000001 0.404234375
46 0.4880625 0.10296875 0.149 0.20503125
