1 0.8380390625 0.11679687500000001 0.323921875 0.22890625
33 0.646015625 0.38942187500000003 0.70159375 0.75809375
37 0.7903359375 0.5541640624999999 0.082171875 0.073828125
37 0.5950078125 0.537671875 0.080265625 0.07984375
37 0.710015625 0.4883203125000001 0.078875 0.07748437500000001
37 0.6940390624999999 0.5493593750000001 0.095640625 0.0865
37 0.7663593750000001 0.5229921875 0.056374999999999995 0.051984375000000006
37 0.8477734375 0.5242109375 0.076828125 0.063296875
37 0.8598828125 0.5691484375 0.083296875 0.045328125000000004
37 0.44935156249999997 0.5353515625 0.10701562499999999 0.101421875
37 0.5063359374999999 0.5042109375 0.070609375 0.08051562500000001
37 0.3834453125 0.5534296875 0.052640624999999996 0.046359375
37 0.9170781250000001 0.5551250000000001 0.09915625 0.07884375
37 0.5105624999999999 0.56759375 0.06890625 0.04303125
37 0.5435390625000001 0.5699375000000001 0.080453125 0.0393125
37 0.484375 0.59921875 0.94375 0.3046875
