50 0.08425 0.18909375 0.16521875 0.327625
51 0.349265625 0.33356250000000004 0.69853125 0.6641250000000001
51 0.7221249999999999 0.21464062500000003 0.55575 0.42331250000000004
44 0.79690625 0.41853124999999997 0.4061875 0.49418749999999995
52 0.1656640625 0.4058671875 0.17610937499999998 0.11642187500000001
52 0.039640625 0.282703125 0.07928125 0.128625
67 0.6132734375 0.32861718749999996 0.768828125 0.652171875
52 0.35408593749999995 0.3103125 0.175515625 0.13346875
52 0.3077421875 0.39678125 0.121015625 0.10890625000000001
52 0.710578125 0.08644531250000001 0.14178125 0.110640625
52 0.450375 0.533359375 0.16425 0.06396874999999999
60 0.71428125 0.08299999999999999 0.13374999999999998 0.11599999999999999
60 0.5752421875 0.049890625 0.114390625 0.09978125
60 0.35177343749999995 0.2942109375 0.175890625 0.118984375
60 0.3069453125 0.3896328125 0.082765625 0.096578125
52 0.7806640625 0.1576328125 0.059203125 0.06073437499999999
