55 0.4371484375 0.46646093749999995 0.18257812499999998 0.172046875
55 0.10517968750000001 0.49771875 0.158890625 0.1559375
55 0.49020312499999996 0.63378125 0.159875 0.1686875
55 0.269484375 0.7037109375 0.16328125 0.140453125
55 0.16371875000000002 0.3625390625 0.15240625000000002 0.137484375
55 0.6311484374999999 0.6811796875 0.159765625 0.168546875
55 0.1544921875 0.6337734375 0.154484375 0.161515625
55 0.17670312500000002 0.247875 0.14825 0.13296875
55 0.54775 0.5275625 0.46699999999999997 0.48981250000000004
55 0.71659375 0.1550234375 0.1184375 0.129140625
55 0.2071640625 0.131671875 0.407296875 0.26334375
55 0.2536875 0.4617265625 0.14571875 0.150984375
55 0.0412890625 0.2854765625 0.082578125 0.090296875
55 0.390625 0.38984375 0.778125 0.7796875
