9 0.38684375 0.18789062499999998 0.67746875 0.2665625
1 0.49616406249999995 0.034484375 0.026265624999999997 0.0435625
1 0.479171875 0.0598203125 0.03396875 0.080859375
1 0.35116406250000004 0.0402265625 0.019703125 0.050671875
1 0.6471796875 0.0398359375 0.018828125 0.046890625000000005
1 0.6124453125 0.035953125 0.007109374999999999 0.03690625
1 0.4459609375 0.036203125 0.016703125 0.039
1 0.3196875 0.0356640625 0.01353125 0.038328125000000005
1 0.2121484375 0.04653125 0.022265625 0.06790625
1 0.0844375 0.0429296875 0.022343750000000002 0.052796875
1 0.70903125 0.0370625 0.03290625 0.044625
1 0.7354453125 0.0368671875 0.015859375000000002 0.045140625000000004
1 0.683796875 0.0325 0.0123125 0.028000000000000004
1 0.5213984375 0.0548828125 0.017109375 0.059015625
