15 0.5607421875 0.9178671875 0.212890625 0.16307812500000002
15 0.54765625 0.8436953125 0.2390625 0.121171875
15 0.5351484375 0.8753359374999999 0.264078125 0.24932812499999998
15 0.5301640625 0.844046875 0.27404687499999997 0.2163125
15 0.03915625 0.8721171875 0.0783125 0.255765625
15 0.095421875 0.8384921875 0.06875 0.214515625
15 0.18940625 0.7711484375 0.068125 0.142484375
15 0.23583593749999998 0.7555703125000001 0.018921874999999998 0.096765625
15 0.5595781249999999 0.82321875 0.2106875 0.04475
15 0.15175 0.7531249999999999 0.17371875 0.12690625
15 0.25271875 0.7426640624999999 0.028499999999999998 0.098578125
15 0.08439843749999999 0.7956171875000001 0.165828125 0.19207812500000002
15 0.266265625 0.7447968749999999 0.008125 0.05434375
15 0.353125 0.43124999999999997 0.625 0.85
