3 0.1837421875 0.9284453125000001 0.119171875 0.086984375
3 0.27134375 0.9262421875 0.0680625 0.046265625
1 0.6669453125000001 0.9204843749999999 0.033171875 0.06734375000000001
1 0.6330156250000001 0.9191796875 0.024281249999999997 0.050546875000000005
1 0.045351562500000005 0.9026406250000001 0.020453125 0.03815625
1 0.019234374999999998 0.910453125 0.03409375 0.036875000000000005
28 0.4588515625 0.7369765625 0.069578125 0.080328125
28 0.49732031250000003 0.7707109375000001 0.052515624999999996 0.058703125
28 0.38584375000000004 0.6039453124999999 0.11621875 0.139453125
1 0.730453125 0.943578125 0.03103125 0.079375
1 0.6938984374999999 0.9423203124999999 0.036953124999999996 0.068953125
1 0.00709375 0.90053125 0.0141875 0.0299375
6 0.5911953125 0.8801484375 0.069140625 0.10523437499999999
10 0.470125 0.8589531250000001 0.02046875 0.032875
10 0.4732265625 0.902734375 0.025734374999999997 0.023375
3 0.5134296875 0.9206953125 0.057734375000000004 0.049328125
3 0.3373671875 0.9173046875 0.044796875 0.036359375
3 0.3711875 0.9139765624999999 0.038125 0.032140625
3 0.39207812499999994 0.9078125 0.01878125 0.014593749999999999
3 0.5442734374999999 0.9156953124999999 0.017046875 0.034484375
28 0.274796875 0.4931875 0.1698125 0.19209375
