72 0.1413125 0.44387499999999996 0.282625 0.32037499999999997
1 0.434 0.31055468750000004 0.24446875 0.544046875
1 0.2527265625 0.2823984375 0.175265625 0.22604687499999998
1 0.6367421875 0.23884375000000002 0.053328125000000004 0.1668125
73 0.1828046875 0.7560703125 0.365609375 0.41176562499999997
74 0.3324765625 0.6806171875000001 0.080671875 0.044515624999999996
76 0.30449218749999996 0.5685390625000001 0.092140625 0.152796875
72 0.2977265625 0.23300781250000002 0.106203125 0.129609375
74 0.3629921875 0.319015625 0.021859375 0.0169375
1 0.4260390625 0.6814609375 0.47604687500000004 0.6101093750000001
76 0.328875 0.3166171875 0.02203125 0.025171875
