3 0.842046875 0.305125 0.31575000000000003 0.3288125
4 0.2983046875 0.443046875 0.368265625 0.35540625000000003
1 0.637796875 0.29707812499999997 0.096125 0.2955625
1 0.9449140625 0.433296875 0.110171875 0.25603125000000004
1 0.09451562499999999 0.29576562500000003 0.061625 0.1794375
1 0.568484375 0.3553984375 0.13668750000000002 0.218703125
1 0.1248515625 0.2272265625 0.042921875 0.079703125
1 0.0232890625 0.23890625 0.045921875 0.12359374999999999
1 0.251140625 0.387375 0.25665625 0.43821875
1 0.967453125 0.2244765625 0.06509374999999999 0.059078125
1 0.8675468749999999 0.23003125 0.0900625 0.05496875
1 0.48960156250000003 0.317296875 0.047453125 0.0818125
1 0.24660156249999998 0.21946875 0.034484375 0.06784375000000001
1 0.18183593750000002 0.2133984375 0.065453125 0.089671875
3 0.1016640625 0.192296875 0.151140625 0.03615625
33 0.4053046875 0.36398437499999997 0.12757812500000001 0.1033125
62 0.6171484374999999 0.3732578125 0.090296875 0.170734375
3 0.592328125 0.24225 0.35234375 0.21446874999999999
47 0.571140625 0.28192968749999997 0.017656250000000002 0.024671875
1 0.3556015625 0.21715625000000002 0.06576562500000001 0.1629375
62 0.510890625 0.33552343749999997 0.034937499999999996 0.059890624999999996
1 0.12343749999999999 0.28671875 0.24375 0.2015625
