1 0.605046875 0.5556796875 0.52503125 0.172015625
1 0.5123125000000001 0.243359375 0.34253125 0.38590625
1 0.4869453125 0.45610937500000004 0.017640625 0.05603125
1 0.83071875 0.5501875 0.25978124999999996 0.12871875
1 0.46265625000000005 0.455078125 0.01815625 0.0599375
1 0.431828125 0.45376562499999995 0.0141875 0.0476875
1 0.3509296875 0.45621093749999997 0.013765625 0.034203125
34 0.34962499999999996 0.24632031250000003 0.11796875 0.041765625
1 0.19225781249999999 0.452890625 0.028796875 0.0658125
1 0.1345078125 0.4616484375 0.015921875 0.042453125
1 0.367046875 0.4596953125 0.016625 0.048921875
1 0.3402109375 0.459171875 0.016828125 0.0445
1 0.868953125 0.5480703124999999 0.13609374999999999 0.073828125
1 0.3758203125 0.45730468750000003 0.025921875 0.055296875
1 0.4453125 0.259375 0.890625 0.503125
