1 0.23575000000000002 0.2184296875 0.11315625 0.152796875
1 0.1933125 0.1843203125 0.105375 0.199421875
1 0.613375 0.342375 0.17771874999999998 0.476875
27 0.41760156249999997 0.183828125 0.10860937500000001 0.0658125
31 0.36914843750000004 0.2591328125 0.069984375 0.066515625
33 0.46709375000000003 0.46167187499999995 0.22846875 0.2415
33 0.33078906250000006 0.4443828125 0.13092187500000002 0.283109375
33 0.464984375 0.359 0.041749999999999995 0.152625
33 0.41878125 0.3901640625 0.05428125 0.101609375
33 0.5460234375 0.36819531250000004 0.054828125000000005 0.16989062500000002
33 0.603390625 0.496984375 0.060812500000000005 0.09121875
47 0.1340859375 0.1901171875 0.016796875 0.018265625
47 0.099390625 0.21971875000000002 0.0166875 0.05450000000000001
47 0.11815624999999999 0.19095312499999997 0.01453125 0.021875
1 0.4130625 0.2573359375 0.16628125 0.325953125
47 0.14971874999999998 0.1830078125 0.017937500000000002 0.019578125
31 0.5874140625 0.48041406250000007 0.026890625 0.061296874999999994
