44 0.7241796875 0.5935703125 0.023890625 0.070421875
7 0.303484375 0.2504375 0.60696875 0.500875
1 0.369390625 0.393546875 0.084375 0.21640625
1 0.550828125 0.32321093749999996 0.04084375 0.130296875
1 0.6276015625 0.28337500000000004 0.009265625 0.03728125
1 0.58228125 0.28264062500000003 0.0115625 0.0398125
1 0.8679765625000001 0.45253124999999994 0.161796875 0.12640625
44 0.7904921874999999 0.5984140625 0.045828125 0.085015625
44 0.8532109375000001 0.57109375 0.018984375 0.052625
44 0.7486406250000001 0.6006171875 0.038375 0.075390625
44 0.8295312499999999 0.6050703125000001 0.032875 0.066234375
44 0.8389453124999999 0.5934843750000001 0.030484375 0.08565625
52 0.7136874999999999 0.29438281250000004 0.01771875 0.017515625
52 0.74596875 0.333765625 0.03621875 0.0478125
1 0.643484375 0.282359375 0.007656250000000001 0.0354375
44 0.807734375 0.5720703125 0.025343749999999998 0.050171875
51 0.9368124999999999 0.5830234375 0.08675000000000001 0.056578125
51 0.6562890625000001 0.48999218749999995 0.029265625 0.038515625
62 0.670796875 0.3549765625 0.037375000000000005 0.061328125
1 0.60428125 0.2816640625 0.00840625 0.034765625
1 0.6155390624999999 0.281953125 0.013421875 0.039531250000000004
1 0.5220937499999999 0.29513281249999995 0.016968749999999998 0.058515625
1 0.5963671875000001 0.2818125 0.007359375 0.03071875
1 0.6566484375 0.2810625 0.009953125 0.037875
1 0.5099843749999999 0.31686718750000004 0.0335625 0.096546875
44 0.7663671875 0.5836484375000001 0.023890625 0.072828125
51 0.7203124999999999 0.5451562499999999 0.03434375 0.0095625
51 0.8493984374999999 0.47878125 0.054109375 0.03996875
