44 0.647875 0.3211484375 0.0144375 0.048640625
44 0.6354453124999999 0.322046875 0.011234375000000001 0.044437500000000005
44 0.6724453125 0.32677343750000004 0.010234375 0.035515625
44 0.666765625 0.3283359375 0.006812500000000001 0.030671874999999998
44 0.798015625 0.32421875 0.01165625 0.0454375
44 0.6572031250000001 0.39903125 0.008624999999999999 0.0225
44 0.6260859375000001 0.39635937499999996 0.008890625000000001 0.02325
44 0.63215625 0.521625 0.0115625 0.031156250000000003
81 0.7824609375 0.5047421875 0.292390625 0.093515625
44 0.640421875 0.3979765625 0.01065625 0.023390625
44 0.61596875 0.5085546875 0.01775 0.053265625000000004
31 0.36409375 0.414421875 0.04571875 0.02915625
44 0.7828124999999999 0.32511718749999996 0.010499999999999999 0.041703125
44 0.8803046875000001 0.4902578125 0.031859375 0.060390624999999996
90 0.7546796874999999 0.327765625 0.013390625 0.03209375
90 0.7782500000000001 0.334671875 0.0089375 0.01990625
44 0.6596562499999999 0.31824218749999994 0.010499999999999999 0.019453124999999998
44 0.55 0.44921875 0.53125 0.2765625
