18 0.47153125 0.35390625 0.38528125 0.36559375
1 0.3544453125 0.1247734375 0.219328125 0.190140625
1 0.248234375 0.1412578125 0.2856875 0.252671875
1 0.455390625 0.05605468749999999 0.095875 0.10389062499999999
15 0.17672656250000002 0.38196874999999997 0.348390625 0.33571875
1 0.410390625 0.0318359375 0.025093749999999998 0.042078125
15 0.414953125 0.0738125 0.089625 0.06365625
27 0.204421875 0.32790625 0.19121875 0.18587499999999998
31 0.3718125 0.1721875 0.072125 0.06703125
1 0.3827421875 0.027046874999999998 0.026203125 0.027437499999999997
