62 0.3508046875 0.35 0.23385937499999998 0.16128125
62 0.0637109375 0.3491953125 0.124203125 0.124203125
62 0.9491953125 0.5282265625 0.101609375 0.317734375
67 0.358234375 0.5851953125 0.70940625 0.30529687499999997
1 0.6101171875 0.37135156249999995 0.633703125 0.7398906249999999
1 0.302015625 0.23517968749999998 0.33221875 0.41107812499999996
1 0.06574218750000001 0.2250234375 0.130484375 0.412984375
1 0.1730078125 0.1796640625 0.111890625 0.183421875
1 0.25746874999999997 0.087625 0.06021875 0.12565625
47 0.06404687499999999 0.5851640625 0.12471874999999999 0.237640625
47 0.04865625 0.44143750000000004 0.0973125 0.08053125
48 0.2264453125 0.4825625 0.203953125 0.04478125
49 0.210453125 0.46478906249999996 0.2009375 0.047859374999999996
59 0.3141171875 0.5770859375 0.394078125 0.20810937499999999
1 0.3812265625 0.1280234375 0.034703125 0.06073437499999999
67 0.49147656250000005 0.2711796875 0.134578125 0.043359375
1 0.08662500000000001 0.1467421875 0.036875000000000005 0.059765625
1 0.45349218750000003 0.1672421875 0.10004687500000001 0.178921875
59 0.1977265625 0.7051953125 0.352609375 0.070140625
