4 0.889890625 0.6206484375 0.21909375 0.23595312499999999
52 0.818265625 0.4466328125 0.07584375 0.06742187499999999
52 0.73209375 0.428265625 0.11587499999999999 0.1074375
52 0.8075234375 0.383171875 0.019796875 0.014000000000000002
52 0.6268046875 0.3514453125 0.052578124999999996 0.016453125
52 0.180671875 0.4224375 0.0385625 0.04715625
52 0.8005156250000001 0.3842578125 0.04246875 0.035765625
52 0.4881171875 0.3764140625 0.012328124999999999 0.026359375
52 0.6395156249999999 0.46231250000000007 0.01490625 0.0208125
52 0.6311015625 0.36512500000000003 0.045296875 0.02265625
52 0.231765625 0.40277343749999994 0.0338125 0.019984375
1 0.3840546875 0.512796875 0.163484375 0.42134375
1 0.5734140624999999 0.534171875 0.220640625 0.43165624999999996
31 0.47236718749999995 0.58309375 0.036078125 0.0850625
52 0.16113281249999997 0.389484375 0.019703125 0.0196875
52 0.035187500000000003 0.33988281249999996 0.0415625 0.051015624999999995
1 0.19673437500000002 0.577171875 0.16559375 0.32603125
1 0.09590625 0.5485859375 0.1918125 0.402828125
1 0.33178125 0.303140625 0.11374999999999999 0.23146874999999997
1 0.8896328124999999 0.49371093749999995 0.190703125 0.40395312499999997
1 0.0887578125 0.2963359375 0.094421875 0.210578125
1 0.2226015625 0.3142421875 0.088796875 0.173828125
1 0.010421875 0.3748828125 0.02084375 0.171046875
31 0.28514062500000004 0.6825234375 0.0521875 0.128171875
52 0.46231249999999996 0.3887890625 0.0095 0.020765625
52 0.42421875 0.3921875 0.8359375 0.175
