64 0.17629687500000002 0.16907812500000002 0.06934375000000001 0.10262500000000001
64 0.10796093749999999 0.2230390625 0.035671875 0.062796875
1 0.33835937499999996 0.48084375 0.2605625 0.41978125000000005
1 0.330625 0.2955234375 0.23771874999999998 0.120140625
1 0.6826171875 0.483890625 0.286171875 0.44456249999999997
52 0.509671875 0.5222109375 0.06634375 0.045015625
52 0.49872656249999997 0.5027421875 0.10132812499999999 0.056296875
52 0.5899218749999999 0.45065625000000004 0.07115625 0.05550000000000001
52 0.47920312499999995 0.480796875 0.04525 0.0265625
64 0.069109375 0.18408593750000002 0.1371875 0.17870312500000002
64 0.129640625 0.21289062500000003 0.03375 0.04865625
52 0.4979765625 0.518515625 0.018140625 0.0138125
