1 0.38453125 0.5829609375 0.213 0.587453125
1 0.20516406250000002 0.46434375 0.041671875000000004 0.11625
1 0.24971875 0.482859375 0.044625 0.1330625
1 0.5166249999999999 0.5308984375 0.0853125 0.159859375
1 0.48829687499999996 0.4227421875 0.04290625 0.080765625
36 0.4048359375 0.6557499999999999 0.088296875 0.48334374999999996
36 0.511375 0.5996875 0.12909375 0.04915625
36 0.376296875 0.541578125 0.5663437499999999 0.053937500000000006
1 0.12090625 0.48796093749999997 0.05271875 0.09176562499999999
1 0.2787890625 0.49096875 0.027859375 0.06503125
1 0.2266796875 0.5132734375 0.044671875 0.055296875
36 0.11454687499999999 0.5343671875 0.047093750000000004 0.019921875
