3 0.311828125 0.428359375 0.12062500000000001 0.08621875
1 0.7119218749999999 0.44170312500000003 0.13865624999999998 0.27815625
1 0.2502890625 0.4234765625 0.012046875 0.053859375
3 0.3894140625 0.4278984375 0.059359375000000006 0.055203125
3 0.42201562499999995 0.41211718750000004 0.0296875 0.020328125
1 0.6447968749999999 0.40975781250000004 0.01365625 0.032609375
1 0.663484375 0.411703125 0.0121875 0.027125
6 0.5498906250000001 0.41711718750000004 0.13596875 0.13864062500000002
1 0.22166406249999998 0.43388281249999994 0.022296875 0.067515625
1 0.7482109375 0.41762499999999997 0.033734375 0.04440625
1 0.6356562499999999 0.42458593749999995 0.013843749999999998 0.032296875
3 0.453734375 0.43578124999999995 0.08275 0.06721875000000001
