44 0.6003046875 0.31212500000000004 0.035671875 0.0786875
3 0.9260703124999999 0.2906875 0.145359375 0.1220625
3 0.8515156250000001 0.2563203125 0.09890625 0.045734375
3 0.34178906249999996 0.23382031249999996 0.029546875 0.021109375
8 0.7782499999999999 0.24639843749999998 0.1033125 0.048734375
1 0.520546875 0.45001562500000003 0.21359374999999997 0.5634375
1 0.322203125 0.43312500000000004 0.5974062499999999 0.6091562500000001
15 0.052140625 0.509609375 0.10090625 0.46084375
3 0.42036718749999996 0.2332109375 0.033453125 0.022296875
3 0.4085234375 0.22812500000000002 0.022765625 0.01859375
3 0.3943203125 0.22814062499999999 0.013453125 0.01534375
8 0.5693359375 0.233125 0.078734375 0.05990625000000001
3 0.3747421875 0.2285546875 0.017234375 0.012578125
8 0.2829453125 0.2180390625 0.014265625 0.042796875
