1 0.16465625 0.3361171875 0.01775 0.044484375
1 0.645796875 0.23956249999999998 0.008749999999999999 0.007656250000000001
9 0.6503828125000001 0.23553906249999998 0.080703125 0.033640625
9 0.39459374999999997 0.35089843750000005 0.39684375 0.063953125
9 0.41444531250000005 0.281796875 0.303328125 0.02590625
9 0.418421875 0.24745312500000002 0.14659375 0.02053125
9 0.35224999999999995 0.543046875 0.14384375 0.21134375
9 0.9365 0.239015625 0.11043750000000001 0.05184375
9 0.8346718750000001 0.24632812499999998 0.08125 0.005124999999999999
9 0.4041640625 0.420328125 0.203703125 0.11478124999999999
9 0.3843125 0.2664921875 0.271625 0.020203125
9 0.436578125 0.2544765625 0.16659375 0.020640625000000003
9 0.7207421875000001 0.2296015625 0.06879687500000001 0.022453124999999997
9 0.43203125 0.3053046875 0.3753125 0.032796874999999996
9 0.9622109375 0.2530078125 0.075578125 0.046203125
