20 0.109203125 0.426546875 0.19271875 0.1525625
20 0.123921875 0.36082812500000006 0.24784375 0.22678125
20 0.3915390625 0.266796875 0.098515625 0.16218749999999998
20 0.5101953125 0.35745312500000004 0.177046875 0.23337500000000003
20 0.5545625 0.2608203125 0.08931249999999999 0.09223437500000001
20 0.633875 0.3580625 0.1258125 0.2419375
20 0.777421875 0.48548437499999997 0.16775 0.48709375
20 0.8735156249999999 0.2599609375 0.13709375 0.180171875
20 0.344359375 0.4217734375 0.20806249999999998 0.26935937499999996
20 0.9803984375 0.434296875 0.038828125000000005 0.05615625
