77 0.36063281249999996 0.21153125000000003 0.016921875 0.011
67 0.1260390625 0.21561718749999997 0.20410937499999998 0.121703125
1 0.3698359375 0.5235703125000001 0.378765625 0.7985156250000001
1 0.5529999999999999 0.3767578125 0.08625000000000001 0.273140625
1 0.64115625 0.518875 0.1608125 0.3235
1 0.055320312499999996 0.08578906249999999 0.054421874999999995 0.139796875
47 0.044421875 0.1595703125 0.02975 0.038796874999999995
1 0.2569765625 0.155984375 0.19232812500000002 0.2870625
1 0.5435000000000001 0.6619999999999999 0.2464375 0.29603125
47 0.071046875 0.1657890625 0.0166875 0.025203125
67 0.1470546875 0.4582578125 0.163921875 0.072359375
