44 0.8861875 0.4176328125 0.03175 0.071046875
44 0.3067890625 0.41871093750000005 0.027515625 0.073390625
73 0.417328125 0.36419531250000003 0.1670625 0.140984375
74 0.5706718749999999 0.4226875 0.04090625 0.032125
76 0.48069531249999997 0.4543515625 0.189234375 0.070421875
3 0.9223671874999999 0.246625 0.026296874999999997 0.02384375
3 0.8961015625 0.2463125 0.024921875 0.01925
3 0.8384921875000001 0.24485937500000002 0.033265625 0.02228125
3 0.898859375 0.28101562500000005 0.03690625 0.012125
3 0.9629296875000001 0.2825859375 0.053765625 0.023046875
3 0.5151484375000001 0.1928359375 0.042859375 0.020046875
3 0.47765625 0.19375 0.0306875 0.017343749999999998
3 0.47533593749999997 0.17582031250000002 0.033390625 0.026546874999999998
47 0.3298046875 0.42433593750000004 0.024671875 0.045140625000000004
47 0.22932031249999998 0.2312109375 0.038484375 0.07273437499999999
84 0.7549609375 0.42482031249999996 0.117046875 0.058515625
84 0.6583046874999999 0.40058593749999993 0.06782812499999999 0.031703125
3 0.4994765625 0.30008593749999996 0.047734375 0.025265625000000003
3 0.753390625 0.3161171875 0.0405625 0.013046875
3 0.78571875 0.24206249999999999 0.037093749999999995 0.0234375
3 0.7444687500000001 0.24440625 0.07028124999999999 0.038906249999999996
