37 0.49798437500000003 0.3038046875 0.00853125 0.006921874999999999
37 0.06619531249999999 0.313046875 0.007734375 0.00575
1 0.6936640624999999 0.2789921875 0.038671875 0.127359375
1 0.2540390625 0.3041796875 0.027703125000000002 0.100296875
1 0.5178515625 0.269171875 0.019203124999999998 0.0809375
1 0.7153046875 0.26571875 0.022828124999999998 0.07909374999999999
43 0.2695 0.2610546875 0.023875 0.034765625
1 0.536875 0.27652343749999997 0.031375 0.11595312499999999
1 0.7594921875 0.2736328125 0.030734375 0.08642187500000001
37 0.486734375 0.303921875 0.010562499999999999 0.011
37 0.1858984375 0.2954140625 0.004328125 0.004046875
37 0.48556250000000006 0.31146093750000003 0.006125 0.004890625
37 0.470796875 0.28102343750000003 0.00775 0.005515625
37 0.47921093750000004 0.28276562499999996 0.004765625 0.00459375
37 0.478515625 0.292375 0.00409375 0.00390625
