42 0.5780390625 0.5083593750000001 0.296390625 0.5456562500000001
42 0.42984374999999997 0.4298515625 0.38078124999999996 0.612390625
42 0.8145546875 0.4553671875 0.172734375 0.553515625
42 0.6404921874999999 0.138625 0.048765625 0.058562499999999997
42 0.3004296875 0.1553671875 0.008484374999999999 0.022390625
1 0.122125 0.5084609375 0.139625 0.252484375
1 0.565328125 0.5447578125 0.20403125000000003 0.399203125
1 0.806890625 0.5851171875 0.15171874999999999 0.419015625
1 0.8739453125000001 0.56021875 0.094109375 0.3900625
1 0.43567968749999997 0.48428906250000003 0.154546875 0.482734375
1 0.208625 0.13016406249999998 0.04775 0.090421875
1 0.1232734375 0.176484375 0.043515625 0.148625
1 0.289578125 0.1493359375 0.02975 0.049453125
1 0.281375 0.31471875000000005 0.07428125 0.23725000000000002
42 0.3845234375 0.1340625 0.10232812499999999 0.01153125
62 0.508203125 0.22148437499999998 0.25390625 0.07734375
62 0.8154140624999999 0.1540703125 0.15367187499999999 0.080765625
62 0.0513359375 0.1950234375 0.102671875 0.178515625
62 0.2984609375 0.15953125 0.222171875 0.062
62 0.3013359375 0.1897734375 0.24504687500000003 0.066828125
62 0.37436718750000003 0.1964296875 0.035859375 0.050046875000000005
62 0.43850000000000006 0.2622265625 0.07668749999999999 0.024265625
62 0.6129687500000001 0.2499921875 0.055406250000000004 0.083109375
62 0.4382578125 0.3219296875 0.079359375 0.027046874999999998
1 0.298046875 0.50325 0.108625 0.2705625
1 0.07816406249999999 0.091171875 0.030921874999999998 0.03225
1 0.5068281250000001 0.1780234375 0.025406250000000002 0.091859375
1 0.06417187499999999 0.0997890625 0.013593749999999998 0.020328125
62 0.42803125 0.3101015625 0.08165625 0.023015625
62 0.4474765625 0.171171875 0.103609375 0.13768750000000002
1 0.5625 0.1171875 0.871875 0.215625
