5 0.45150781250000005 0.205578125 0.575109375 0.2749375
5 0.19664062499999999 0.10513281249999999 0.24337499999999998 0.08395312499999999
1 0.5013359375 0.38089843749999996 0.043953124999999996 0.089421875
1 0.207734375 0.1946640625 0.0130625 0.023578125
8 0.6933125 0.14421875 0.08165625 0.0245
8 0.5390078125 0.39957031249999997 0.137359375 0.120484375
5 0.07190624999999999 0.09740625 0.0340625 0.054625
8 0.37984375 0.340984375 0.09821875 0.11281250000000001
1 0.3424609375 0.1319765625 0.006984374999999999 0.006296875
8 0.0123359375 0.137421875 0.024671875 0.0328125
5 0.33885156250000004 0.0969453125 0.018046875 0.020140625000000002
