9 0.3826953125 0.29521875 0.750796875 0.30371875
1 0.65278125 0.2920078125 0.043437500000000004 0.052390625
1 0.6122187499999999 0.2918984375 0.039468750000000004 0.049203125
1 0.5132265625 0.2800546875 0.040171875 0.062109375
1 0.38753125 0.2505390625 0.0354375 0.063453125
1 0.5347890624999999 0.2834375 0.017609375 0.052125
1 0.47635937500000003 0.27710937500000005 0.0255625 0.047625
1 0.4471484375 0.26661718749999996 0.041953125 0.061546875
1 0.559515625 0.2857421875 0.03871875 0.055578125
1 0.3571171875 0.24554687500000003 0.026171875 0.05128125
1 0.41624218749999997 0.260484375 0.023671875000000002 0.0520625
1 0.579703125 0.2888984375 0.0275625 0.053390625000000004
1 0.3257734375 0.158453125 0.046515625 0.10409375000000001
1 0.256078125 0.1714453125 0.04378125 0.054171875
1 0.63203125 0.253125 0.0703125 0.075
