3 0.5967578124999999 0.464890625 0.072765625 0.03153125
3 0.6631953125 0.46096875000000004 0.050578124999999995 0.03371875
3 0.8380781249999999 0.456515625 0.060343749999999995 0.0301875
4 0.7720078125 0.506984375 0.038484375 0.0533125
4 0.751171875 0.49206249999999996 0.0193125 0.03621875
4 0.870859375 0.5560703125 0.08903124999999999 0.166453125
4 0.243640625 0.612859375 0.21056249999999999 0.14559375000000002
4 0.3367734375 0.5276484375 0.099796875 0.067578125
4 0.1564453125 0.5023359375 0.07964062499999999 0.044328125
4 0.6593671875 0.47471875 0.042015625 0.017875
4 0.577515625 0.474796875 0.040781250000000005 0.022375
4 0.9250859375 0.49039843749999995 0.045828125 0.035453125
1 0.8858984375000001 0.5174296875000001 0.087890625 0.14742187499999998
1 0.26271093749999996 0.5427421875 0.14360937499999998 0.20779687500000002
1 0.3830390625 0.480046875 0.022953124999999998 0.06946875
1 0.35028125 0.49018749999999994 0.036 0.07775
1 0.7568046875 0.455078125 0.019796875 0.0405625
4 0.023546875 0.5026328124999999 0.0145625 0.033703125
1 0.160203125 0.4798828125 0.02909375 0.036359375
1 0.102265625 0.50221875 0.02225 0.05096874999999999
1 0.9424843749999999 0.46185156250000003 0.02165625 0.06882812499999999
1 0.0249296875 0.47492968750000003 0.019421874999999998 0.029953125000000004
1 0.6597734375000001 0.4622109375 0.019734375000000002 0.036703124999999996
1 0.9185859375000001 0.46046875 0.041203125 0.04675
1 0.9660000000000001 0.4495078125 0.01846875 0.033140625
4 0.9678125000000001 0.4631171874999999 0.02046875 0.021078125
4 0.5437578125000001 0.4739140625 0.036984375 0.024015625
1 0.34040625 0.49496875000000007 0.06409375 0.08434375
4 0.5127890625 0.47017968749999994 0.013203125 0.022171875
1 0.51640625 0.47734375 0.9578125 0.0921875
4 0.49921875 0.48125 0.9984375 0.06875
