28 0.46825781250000004 0.12291406249999999 0.563484375 0.23370312499999998
28 0.09278906249999999 0.05959375 0.162578125 0.07153125
1 0.21253125 0.5862343750000001 0.4250625 0.82753125
1 0.22038281250000002 0.16028125 0.037359375 0.07162500000000001
1 0.061578125 0.18484374999999997 0.12096875 0.26075
1 0.6438281250000001 0.2940546875 0.03265625 0.043953124999999996
31 0.1275234375 0.824546875 0.16398437500000002 0.22937500000000002
1 0.25477343750000003 0.1652109375 0.051046875000000005 0.086765625
1 0.49870312499999997 0.2260703125 0.02134375 0.041578125
1 0.43915625 0.260140625 0.08203125 0.140125
1 0.5188125 0.24095312500000002 0.0340625 0.04725
1 0.06546874999999999 0.1698125 0.13093749999999998 0.2416875
28 0.080125 0.0217734375 0.05596875 0.023390625
28 0.6625234375 0.2720390625 0.029390624999999997 0.015265625
28 0.027492187499999998 0.015296874999999998 0.054984374999999995 0.030593749999999996
31 0.0769296875 0.1424375 0.050734375 0.08425
1 0.2735078125 0.22009374999999998 0.09964062500000001 0.15953124999999999
1 0.159703125 0.091046875 0.0204375 0.03646875
