20 0.4090234374999999 0.5016171875 0.15423437499999998 0.111171875
6 0.77528125 0.4339921875 0.4449375 0.584828125
20 0.208578125 0.5458046875 0.18375 0.112171875
20 0.064046875 0.5090859375000001 0.12809375 0.148296875
20 0.097484375 0.3936015625 0.1424375 0.117453125
20 0.3590234375 0.387484375 0.112546875 0.082875
20 0.23853125 0.3908125 0.11878124999999999 0.10284374999999998
20 0.48996874999999995 0.435546875 0.116375 0.06840625
20 0.315875 0.5106015625 0.13571875 0.121046875
20 0.504671875 0.4086171875 0.098875 0.073640625
20 0.2625 0.4461171875 0.13771875 0.041859375
20 0.38540624999999995 0.444515625 0.13274999999999998 0.0414375
8 0.7865625 0.43346874999999996 0.426875 0.5899687499999999
20 0.20447656250000001 0.49275 0.135671875 0.02375
20 0.40416406250000003 0.38361718750000007 0.099109375 0.099109375
20 0.30234375 0.4125 0.6046875 0.2625
