16 0.547671875 0.4262890625 0.78115625 0.087109375
16 0.7024609375 0.446421875 0.068140625 0.0364375
28 0.781875 0.26078125 0.08625000000000001 0.03534375
28 0.9288124999999999 0.289671875 0.08165625 0.042625
28 0.47494531250000005 0.29124999999999995 0.06692187499999999 0.0395
1 0.8976875 0.35137500000000005 0.0889375 0.156
1 0.9443203124999999 0.355859375 0.06351562499999999 0.13815625
1 0.22665625 0.32842187500000003 0.046625 0.1410625
1 0.39092187500000003 0.2650078125 0.03228125 0.101609375
1 0.33364062499999997 0.2697890625 0.04503125 0.099203125
15 0.4564296875 0.3629921875 0.15623437499999998 0.070734375
16 0.0231484375 0.6385390625 0.046296875 0.022796875
31 0.941734375 0.3610703125 0.022093750000000002 0.025328125
31 0.3723046875 0.272625 0.016296875 0.02778125
31 0.348203125 0.2694140625 0.0116875 0.022109375
31 0.4661796875 0.34801562500000005 0.029140624999999996 0.0205625
31 0.429046875 0.35028125 0.033937499999999995 0.015562500000000002
31 0.3220859375 0.26159375 0.026453125 0.03628125
1 0.4275390625 0.3499453125 0.058203125 0.11192187499999999
1 0.4596171875 0.34743749999999995 0.048984375000000004 0.10415624999999999
1 0.51140625 0.34617968750000006 0.0520625 0.110453125
1 0.3625859375 0.26873437499999997 0.042453125 0.09965625
1 0.7864296875000001 0.34173437500000003 0.053734375 0.15818749999999998
16 0.5968828125000001 0.46260156249999995 0.083890625 0.049734375
27 0.7946953124999999 0.3043203125 0.028671875000000003 0.051765625
