72 0.30259375 0.3173125 0.2355 0.236875
62 0.8789921875 0.509828125 0.212796875 0.2941875
62 0.8802421874999999 0.3321171875 0.23951562499999998 0.272640625
72 0.82340625 0.165375 0.0755625 0.0823125
1 0.5722890625 0.4576796875 0.490953125 0.393953125
1 0.6900625 0.2021875 0.12925 0.37734375
1 0.45018749999999996 0.198171875 0.14359375000000002 0.16453125
1 0.8561562500000001 0.22296093749999998 0.16668750000000002 0.20470312499999999
73 0.2932734375 0.5276015625 0.327796875 0.272921875
74 0.43029687499999997 0.49246875000000007 0.052937500000000005 0.018625
76 0.431265625 0.40664062500000003 0.074625 0.10296875000000001
62 0.43163281249999996 0.25645312499999995 0.030578125 0.08103125
76 0.3312578125 0.5994609375000001 0.124046875 0.129203125
75 0.2922578125 0.46710156249999996 0.046609374999999995 0.051171875
72 0.454765625 0.176140625 0.07768749999999999 0.11128125
