24 0.16493750000000001 0.3194765625 0.13234375 0.187609375
24 0.6471875 0.340453125 0.07415625 0.2460625
24 0.4698203125 0.2774453125 0.22960937499999998 0.206484375
24 0.258609375 0.2710546875 0.11034375 0.17579687500000002
24 0.3156640625 0.32709375 0.088765625 0.317875
24 0.8486875 0.22154687500000003 0.18665625 0.0700625
24 0.76453125 0.31959375 0.18628125 0.328375
24 0.8986640624999999 0.3373984375 0.142890625 0.199484375
24 0.427109375 0.3668828125 0.15834375 0.285421875
24 0.1223203125 0.2938515625 0.201671875 0.191828125
