1 0.127046875 0.24365625000000002 0.04390625 0.0878125
9 0.6370781249999999 0.573875 0.43146874999999996 0.28484375
9 0.28230468750000004 0.6303359375 0.267984375 0.182015625
9 0.1971953125 0.48117968749999995 0.259546875 0.183703125
9 0.790359375 0.30074999999999996 0.34196875000000004 0.1454375
9 0.83403125 0.4250859375 0.33165625 0.260703125
9 0.4428828125 0.39602343749999996 0.249515625 0.255578125
9 0.11668750000000001 0.15352343750000003 0.23337500000000003 0.14645312500000002
9 0.7882421875 0.229140625 0.423515625 0.1593125
9 0.524671875 0.1232890625 0.34203125 0.129734375
9 0.32232031250000004 0.2696015625 0.280359375 0.195515625
9 0.046656249999999996 0.25115624999999997 0.09331249999999999 0.15628124999999998
9 0.5756953125000001 0.1659765625 0.20573437499999997 0.124796875
9 0.0790234375 0.70003125 0.158046875 0.0999375
9 0.871875 0.15390625000000002 0.18125 0.1765625
