62 0.25348437500000004 0.36596093749999997 0.075375 0.104203125
62 0.3104375 0.36228125 0.07796875 0.1055625
43 0.6633984375 0.0985703125 0.12276562499999999 0.129484375
1 0.52809375 0.33781249999999996 0.21956250000000002 0.44184375
1 0.91209375 0.3240859375 0.07065625 0.16504687499999998
1 0.8807734374999999 0.138359375 0.074390625 0.10728125
1 0.7985546874999999 0.23943750000000003 0.068578125 0.10603125
1 0.729484375 0.238109375 0.0468125 0.07275000000000001
62 0.936765625 0.37220312499999997 0.015312500000000001 0.061843749999999996
1 0.33960937500000005 0.29336718749999996 0.055625 0.037078125
1 0.6116640625 0.27915625 0.049859375 0.051312500000000004
1 0.39709375 0.2829296875 0.05028125 0.053578125
1 0.438875 0.2346796875 0.05709375 0.131015625
1 0.9314296875000001 0.13109375 0.033265625 0.07668749999999999
1 0.7794375 0.17540625 0.05971875 0.14878125
62 0.8469218749999999 0.1766640625 0.0214375 0.028578125
1 0.2248515625 0.313125 0.079828125 0.21081249999999999
1 0.9484609374999999 0.204375 0.061453125 0.13940625
15 0.7480390625 0.2131015625 0.020828125 0.032484374999999996
62 0.9495156249999999 0.1635859375 0.0676875 0.036421875
1 0.6140625 0.25937499999999997 0.76875 0.4125
