65 0.2899375 0.68715625 0.3423125 0.14984375
28 0.27654687499999997 0.5084453125 0.052500000000000005 0.033296875
28 0.29396875 0.5007265625 0.01509375 0.015546874999999998
28 0.1901796875 0.51575 0.058328124999999995 0.03959375
28 0.6435546874999999 0.49846093750000003 0.013421875 0.007921875
28 0.6534375 0.49870312499999997 0.008 0.0063125
62 0.17359375 0.5424765625 0.037843749999999995 0.024421875000000003
62 0.2089375 0.540421875 0.03421875 0.025062499999999998
62 0.2523203125 0.5431875 0.052640624999999996 0.02375
62 0.25873437499999996 0.5365859374999999 0.04165625 0.019234375
1 0.649078125 0.508546875 0.00775 0.017093749999999998
28 0.572015625 0.5021875 0.00659375 0.009343750000000001
