72 0.2971171875 0.31149218749999996 0.47648437499999996 0.313546875
44 0.7965390625000001 0.3773203125 0.076359375 0.244546875
44 0.7290078125 0.37987499999999996 0.061109375 0.2406875
44 0.9023515624999998 0.4034921875 0.061546875 0.203234375
44 0.850125 0.40453906250000005 0.045656249999999995 0.185296875
47 0.5556171875 0.5263984375 0.135578125 0.143046875
44 0.9254296875 0.2651640625 0.035859375 0.060515624999999997
44 0.9479843750000001 0.44091406250000004 0.055437499999999994 0.11751562499999998
76 0.24846875000000002 0.5678124999999999 0.48200000000000004 0.168625
77 0.66903125 0.5578515625 0.11043750000000001 0.051203125
44 0.5527578125 0.3485 0.036765625 0.07159375
84 0.6835859375 0.5617265625 0.20420312499999999 0.07760937500000001
85 0.8403203124999999 0.5251015625 0.023890625 0.029296875
