62 0.2130703125 0.40190625 0.156890625 0.2149375
62 0.820375 0.33692968749999996 0.09490625 0.15301562500000002
62 0.6912734375 0.30964843750000004 0.091890625 0.127234375
67 0.822421875 0.317625 0.17959375 0.156625
82 0.3803984375 0.18809375 0.11479687499999999 0.109375
47 0.4279921875 0.3197421875 0.028078125 0.036765625
47 0.8069765624999999 0.25432031250000003 0.023890625 0.019484375
73 0.3980546875 0.27846875 0.103359375 0.07759374999999999
78 0.5683203124999999 0.164828125 0.060671875 0.036625000000000005
81 0.25913281250000003 0.23128125000000002 0.064265625 0.00946875
15 0.9535 0.31065624999999997 0.093 0.16475
50 0.3576328125 0.33489843750000003 0.034609375 0.004796875
51 0.342390625 0.22032031249999998 0.01578125 0.009359375
53 0.49111718749999994 0.201453125 0.014015625 0.0161875
53 0.5067578125 0.20707812500000003 0.006859374999999999 0.0093125
53 0.516015625 0.20509375 0.0123125 0.0123125
62 0.7525937500000001 0.2948515625 0.054000000000000006 0.11517187499999999
86 0.48929687499999996 0.31500781250000004 0.0251875 0.038046875
86 0.8467656250000001 0.25396875 0.01203125 0.00871875
86 0.6923906249999999 0.22871875000000003 0.0128125 0.014124999999999999
86 0.730359375 0.22935156250000002 0.008375 0.014984375
47 0.44439062500000004 0.3284765625 0.020499999999999997 0.022328124999999997
79 0.569796875 0.230078125 0.0725625 0.080625
51 0.4992734375000001 0.2072421875 0.052328125 0.026296874999999997
86 0.46509375000000003 0.1943828125 0.025468750000000002 0.063078125
