4 0.40959375 0.3451484375 0.1270625 0.195546875
4 0.2780078125 0.20491406249999997 0.076109375 0.056484374999999996
4 0.180171875 0.1624296875 0.026625 0.026296874999999997
1 0.422703125 0.27932812500000004 0.1511875 0.23259375000000002
1 0.7656875 0.21052343750000002 0.054531249999999996 0.126390625
1 0.7984140625 0.2126796875 0.036234375 0.114234375
1 0.2865078125 0.17550781250000003 0.043359375 0.046390625000000005
1 0.5482968749999999 0.1857578125 0.01803125 0.068453125
1 0.58671875 0.202265625 0.0270625 0.09884375
1 0.47974218750000003 0.16591406250000001 0.016765625 0.06448437500000001
1 0.6494062500000001 0.1930078125 0.03359375 0.08657812499999999
1 0.502375 0.1714375 0.021562500000000002 0.0699375
1 0.5204609375 0.166390625 0.016484375000000002 0.05884374999999999
1 0.5673125 0.20564062499999997 0.0220625 0.08690624999999999
10 0.4103828125 0.10393749999999999 0.013578125 0.016
28 0.5853359375 0.06353906250000001 0.030015625 0.020515625000000003
28 0.40054687499999997 0.11149218749999999 0.13925 0.031765625
1 0.5448046875000001 0.1628828125 0.026015624999999997 0.063546875
1 0.319828125 0.1487109375 0.0169375 0.021609375
4 0.164390625 0.143546875 0.0298125 0.04534375
4 0.44979687499999993 0.17597656250000002 0.0555625 0.037703125
1 0.49765625 0.21875 0.9921875 0.2875
