72 0.6858203125 0.3246796875 0.07860937500000001 0.055984374999999996
63 0.447796875 0.38437499999999997 0.20425 0.08140625
62 0.7699765625 0.40933593749999997 0.125515625 0.127171875
62 0.5468359375 0.355015625 0.030796875 0.052968749999999995
84 0.5702109375000001 0.5058437499999999 0.069578125 0.04625
84 0.5721328125 0.5238515625 0.084171875 0.036265625
84 0.5708984375 0.5309140625000001 0.099234375 0.039953125
51 0.31432812499999996 0.39015625 0.0359375 0.02096875
86 0.1570546875 0.376078125 0.045484375 0.163875
63 0.43246874999999996 0.5138984375 0.307625 0.23898437499999997
