64 0.7752578125 0.6274921875 0.23889062499999997 0.24501562500000001
64 0.874265625 0.49407031249999994 0.14246875 0.103484375
62 0.3516484375 0.617046875 0.20545312500000001 0.26590625
62 0.298203125 0.5796328125 0.17053125 0.267671875
47 0.018578125 0.5861484375000001 0.03715625 0.092890625
47 0.083375 0.580265625 0.0494375 0.082125
79 0.1303671875 0.6412265625 0.226859375 0.199765625
81 0.8172656250000001 0.48225 0.25309375 0.08290625
47 0.0797421875 0.46392968749999997 0.051984375000000006 0.040484375
78 0.12405468750000001 0.39004687499999996 0.16989062500000002 0.05575
47 0.0831484375 0.5521328125 0.054859375 0.074359375
64 0.5491796875 0.464578125 0.090265625 0.13834375000000002
64 0.601140625 0.5161328125 0.18390625 0.300359375
64 0.882140625 0.6418203124999999 0.23571875000000003 0.21598437499999998
47 0.0802421875 0.49770312499999997 0.05404687500000001 0.03853125
