44 0.8335390625000001 0.355375 0.022328124999999997 0.07140625
65 0.788203125 0.5591328124999999 0.42359375000000005 0.36910937499999996
90 0.45467968750000004 0.39918750000000003 0.043953124999999996 0.07371875
62 0.5978281249999999 0.3325859375 0.09625 0.154109375
62 0.2606953125 0.47633593750000003 0.22404687499999998 0.336796875
62 0.30408593749999996 0.35546875 0.091046875 0.06715625
67 0.3824921875 0.38301562499999997 0.134546875 0.07418749999999999
1 0.504484375 0.48514843750000003 0.32287499999999997 0.512890625
44 0.8389765625000001 0.3374453125 0.021078125 0.068421875
31 0.255390625 0.43490625 0.1315625 0.11140625
