64 0.46728906249999996 0.4875859375 0.101484375 0.12323437500000001
64 0.14684375 0.30234375 0.1400625 0.1716875
64 0.3039453125 0.40474999999999994 0.080015625 0.13796875
64 0.38664062499999996 0.4500234375 0.0899375 0.12251562499999999
64 0.527453125 0.5202734375 0.08509375 0.124015625
64 0.6009921875 0.5557656249999999 0.096765625 0.11559375000000001
64 0.657859375 0.5894140625000001 0.075625 0.107578125
64 0.0494765625 0.25975000000000004 0.098953125 0.1499375
64 0.23374999999999999 0.36231250000000004 0.12509375 0.13678125000000002
64 0.71509375 0.62046875 0.07375000000000001 0.09331249999999999
