51 0.4692578125 0.30881250000000005 0.556453125 0.42634375
55 0.47828125 0.3086875 0.11740625 0.131
55 0.5854765625 0.33192968749999996 0.142328125 0.137453125
55 0.47753124999999996 0.184265625 0.14559375000000002 0.12665625
55 0.29593749999999996 0.24687499999999998 0.13403125 0.129625
55 0.38520312500000004 0.19046093749999998 0.1155 0.129484375
55 0.5590546874999999 0.20583593749999998 0.08735937499999999 0.120828125
55 0.641875 0.2760546875 0.12990625 0.10582812500000001
55 0.42275 0.3681875 0.22784374999999998 0.2228125
55 0.30071875 0.32365625 0.0400625 0.0475625
