6 0.629171875 0.336703125 0.5750625 0.51409375
1 0.09028125000000001 0.46294531250000004 0.10825 0.318671875
1 0.1615703125 0.43888281250000005 0.07860937500000001 0.24939062500000003
1 0.29375 0.4373984375 0.0925625 0.246390625
1 0.215921875 0.414640625 0.06509374999999999 0.20625
1 0.9386249999999999 0.38010156250000005 0.024875 0.093390625
1 0.7579765625 0.32813281250000004 0.071765625 0.108546875
1 0.6480546875 0.32905468750000005 0.079078125 0.11089062499999999
1 0.6068125 0.3238984375 0.054906250000000004 0.10398437499999999
1 0.2680859375 0.34476562499999996 0.027390625000000002 0.04440625
1 0.1865390625 0.34069531249999996 0.024015625 0.032453125
1 0.11860156250000001 0.341703125 0.034390625 0.0523125
