37 0.41346874999999994 0.34566406250000004 0.01534375 0.010796875000000001
40 0.06643750000000001 0.23978906249999998 0.03103125 0.031015625
40 0.584046875 0.430734375 0.039 0.034749999999999996
1 0.45767968750000004 0.2662578125 0.072453125 0.193453125
1 0.10140625 0.3098203125 0.10696874999999999 0.25070312499999997
1 0.97609375 0.3303984375 0.0478125 0.18548437499999998
1 0.504515625 0.4557890625 0.289375 0.278859375
1 0.7406171874999999 0.19243749999999998 0.075140625 0.10112499999999999
1 0.309109375 0.153953125 0.057125 0.107125
1 0.08596875 0.1592109375 0.07146875 0.09879687499999999
1 0.1571484375 0.1678359375 0.038640625 0.043390625
1 0.2001484375 0.14353125 0.062703125 0.09815625
1 0.2718125 0.193359375 0.036125000000000004 0.04975
1 0.1311875 0.10448437499999999 0.0455 0.04934375
1 0.8815 0.1543984375 0.06403125 0.06979687500000001
1 0.6617265625 0.1630390625 0.048265625 0.057734375000000004
1 0.5 0.16953125 0.996875 0.3390625
