44 0.618546875 0.3927421875 0.04165625 0.06489062500000001
90 0.817375 0.052453124999999996 0.01128125 0.04184375
90 0.78775 0.05778125 0.01871875 0.03
70 0.4218125 0.5227734375 0.20940625000000002 0.270734375
81 0.8702109375 0.5499921875 0.259578125 0.209421875
44 0.5908359375 0.224453125 0.032046875 0.0306875
44 0.61525 0.22992968749999998 0.02515625 0.023703125
44 0.753796875 0.39377343750000005 0.015062500000000001 0.035046875
44 0.7735000000000001 0.400296875 0.026437500000000003 0.0503125
90 0.21158593750000002 0.124171875 0.017359375 0.01803125
44 0.5735625 0.3857421875 0.03078125 0.037734375
