1 0.5261015625000001 0.39618749999999997 0.645515625 0.6855625
1 0.842734375 0.51025 0.12871875 0.378375
1 0.9657421875 0.61115625 0.068515625 0.274375
15 0.925875 0.6096874999999999 0.052125 0.13959375000000002
52 0.7353125 0.49215625 0.18928125 0.11715625
52 0.5684765625 0.55596875 0.15135937500000002 0.15978125
52 0.500359375 0.54703125 0.095875 0.1715625
52 0.5886562500000001 0.2399921875 0.42046875000000006 0.33973437500000003
52 0.4581328125 0.679515625 0.054921874999999995 0.13784375
52 0.404421875 0.712859375 0.060406249999999995 0.07115625
52 0.5003593749999999 0.6867656249999999 0.08578125 0.10931249999999999
47 0.37867968750000003 0.512046875 0.063734375 0.06346874999999999
52 0.4456953125 0.5187421875 0.070890625 0.05695312500000001
52 0.41553124999999996 0.601921875 0.075 0.1099375
1 0.23035937499999998 0.4601484375 0.281875 0.548203125
