64 0.91659375 0.504453125 0.1668125 0.39790625
62 0.603109375 0.565171875 0.11668750000000001 0.178125
62 0.52771875 0.4888671875000001 0.044 0.074109375
62 0.688859375 0.552765625 0.09075 0.18687499999999999
62 0.646328125 0.45880468750000003 0.040781250000000005 0.029203125000000003
67 0.641296875 0.5676640625 0.2379375 0.23507812499999997
85 0.48834375 0.3166171875 0.06281250000000001 0.068359375
78 0.017820312499999998 0.4989609375 0.034890624999999995 0.082140625
79 0.27401562500000004 0.49525 0.0935625 0.1325625
49 0.3746953125 0.3807265625 0.004859375 0.031078125
49 0.37953906249999997 0.38149218749999997 0.004765625 0.026078125
49 0.36703125 0.378890625 0.007375 0.03678125
81 0.4126875 0.47020312499999994 0.06609374999999999 0.02040625
