37 0.783625 0.0251640625 0.02471875 0.024421875000000003
37 0.052390624999999996 0.4355625 0.05853125 0.05434375
15 0.9285 0.403015625 0.092625 0.028125
43 0.49273437499999995 0.131875 0.171125 0.080125
1 0.3320703125 0.3788359375 0.150140625 0.165734375
1 0.3080234375 0.393984375 0.217390625 0.49293750000000003
1 0.07196875 0.39556250000000004 0.1349375 0.13193749999999999
1 0.494015625 0.3890703125 0.1394375 0.14842187499999998
1 0.8178125 0.39928906249999996 0.1326875 0.136453125
1 0.6169609374999999 0.31560156250000004 0.136421875 0.181421875
1 0.7495624999999999 0.34559375000000003 0.11646875000000001 0.23690625
1 0.8136640625 0.24508593750000002 0.105296875 0.193828125
1 0.1590625 0.4018984375 0.04903125 0.103359375
1 0.177859375 0.3939296875 0.08575 0.137484375
1 0.6015390625 0.38846875000000003 0.262515625 0.15625
1 0.9002812499999999 0.307296875 0.123125 0.237875
15 0.9181874999999999 0.44683593749999995 0.0824375 0.021171875
