20 0.2311796875 0.4250625 0.18270312500000002 0.13146875
20 0.3183046875 0.4215859375 0.08054687499999999 0.110234375
20 0.3803125 0.41846093749999996 0.10190625 0.113015625
20 0.544296875 0.41831250000000003 0.1555 0.09503125
20 0.6333984375 0.392515625 0.103390625 0.08384375
20 0.5432421875 0.4100390625 0.191109375 0.096359375
20 0.7138749999999999 0.3378515625 0.01575 0.017203125
20 0.41169531249999997 0.374234375 0.071046875 0.06584375
20 0.5414062500000001 0.333671875 0.00978125 0.01559375
20 0.5299375000000001 0.326171875 0.01640625 0.010437499999999999
20 0.6721328125 0.33528125000000003 0.011328125 0.013375000000000001
20 0.5476796875000001 0.2864765625 0.004671875000000001 0.0063593750000000004
