64 0.5206796874999999 0.5337578125 0.076671875 0.20579687500000002
3 0.6067812499999999 0.46871875 0.1035625 0.07790625
3 0.5851015625 0.498109375 0.125203125 0.10171875
3 0.7214765625 0.464140625 0.044546875 0.0555625
3 0.6346171875 0.44965625000000004 0.028546875 0.02375
8 0.1044140625 0.43249218749999996 0.07914062499999999 0.154609375
10 0.184171875 0.1191015625 0.035625000000000004 0.071859375
1 0.6551250000000001 0.47196875000000005 0.050093750000000006 0.0799375
1 0.694640625 0.454125 0.020749999999999998 0.039468750000000004
1 0.016875 0.4582734375 0.021374999999999998 0.058859375000000005
6 0.5064765625 0.42336718749999996 0.045484375 0.038453125
10 0.1463203125 0.1204375 0.024140625 0.06625
2 0.04242968750000001 0.4741796875 0.044578125 0.044078125
3 0.5728671875000001 0.441046875 0.028796875 0.014593749999999999
1 0.059914062500000004 0.4402734375 0.010453125 0.029140624999999996
8 0.504 0.42264843750000003 0.04603125 0.045484375
