5 0.633921875 0.28125 0.53215625 0.23131249999999998
5 0.2398359375 0.29465625 0.47595312500000003 0.18609375
1 0.47354687500000003 0.4260625 0.0413125 0.092125
31 0.45239843750000003 0.428046875 0.014421875 0.0220625
1 0.612375 0.435234375 0.0359375 0.10018750000000001
1 0.684265625 0.432125 0.0241875 0.054843750000000004
1 0.90796875 0.3821171875 0.022468750000000003 0.039453125
1 0.8719765625000001 0.38003125 0.013671875 0.034937499999999996
1 0.63684375 0.4250625 0.0246875 0.06703125
1 0.813125 0.42664843750000003 0.03240625 0.065828125
1 0.55071875 0.4300078125 0.04771875 0.11276562500000001
1 0.506578125 0.42730468749999995 0.034937499999999996 0.11973437499999999
1 0.708015625 0.4293203125 0.03465625 0.057046875
1 0.5965546875000001 0.42599218749999995 0.030609375 0.09276562499999999
1 0.605125 0.3951171875 0.00559375 0.013515625
1 0.789921875 0.4341953125 0.02265625 0.054546874999999995
1 0.49921875 0.3671875 0.9984375 0.078125
