22 0.32821875 0.316046875 0.3039375 0.24962499999999999
22 0.6704921875000001 0.307359375 0.12264062499999999 0.1930625
1 0.29846875 0.202484375 0.0879375 0.14021875
1 0.4925703125 0.421578125 0.07814062499999999 0.2641875
1 0.681625 0.187734375 0.05878124999999999 0.06759375
1 0.08268750000000001 0.35221875 0.0385 0.13871875
1 0.1635625 0.3184609375 0.0236875 0.081765625
1 0.5764296874999999 0.38 0.073546875 0.20037500000000003
1 0.5338359375 0.29900781249999997 0.021671875 0.035796875
1 0.0553046875 0.3511796875 0.028671875000000003 0.10814062499999999
1 0.262671875 0.37634375 0.05865625 0.18771875
1 0.7073906249999999 0.356953125 0.04203125 0.1345
1 0.12265625 0.349265625 0.04690625 0.10012499999999999
1 0.020890625000000003 0.29667187500000003 0.021562500000000002 0.032625
1 0.1549140625 0.3441796875 0.039984375 0.10089062499999998
1 0.36640625 0.4203125 0.7328125 0.334375
