37 0.555921875 0.274109375 0.009875 0.01453125
39 0.6113203125000001 0.11073437500000001 0.15982812500000002 0.0251875
40 0.564375 0.2925625 0.04803125 0.0700625
1 0.6326875 0.145203125 0.12271875000000002 0.11674999999999999
3 0.41500000000000004 0.07453125 0.17446875 0.053031249999999995
15 0.054390625 0.1902265625 0.10628125 0.136671875
15 0.0229140625 0.1034921875 0.045828125 0.027484375
39 0.8791484375 0.08753124999999999 0.081296875 0.0091875
1 0.689078125 0.0668046875 0.0595 0.133609375
1 0.129828125 0.12449218749999999 0.055437499999999994 0.052734375
1 0.16961718750000002 0.0733046875 0.061515625 0.054109375
1 0.47503125 0.39137500000000003 0.23403125 0.32634375000000004
1 0.7255625000000001 0.2740859375 0.250625 0.433984375
1 0.9298828124999999 0.1333125 0.106546875 0.1783125
1 0.1403671875 0.3045390625 0.213578125 0.497078125
1 0.5104140625 0.1371484375 0.10770312500000001 0.097578125
3 0.005890625 0.09251562499999999 0.01178125 0.0571875
27 0.0490390625 0.1290078125 0.049953125 0.057984375
3 0.0775 0.0214609375 0.047843750000000004 0.017109375
62 0.410265625 0.1924453125 0.080125 0.06804687499999999
1 0.432875 0.1675703125 0.10943750000000001 0.12992187500000002
