44 0.817125 0.36946875 0.028687499999999998 0.05228125
47 0.10005468749999999 0.469734375 0.023859375 0.02403125
47 0.0799453125 0.4728125 0.022578124999999998 0.0225625
47 0.058546875000000005 0.4737109375 0.0238125 0.022203125
47 0.031664062500000006 0.48044531250000005 0.025796875000000004 0.024609375
47 0.055999999999999994 0.4529921875 0.021124999999999998 0.020015625000000002
47 0.0962421875 0.449625 0.023421875 0.022093750000000002
47 0.0675078125 0.43634375000000003 0.017234375 0.011
47 0.3766796875 0.43904687499999995 0.709546875 0.06909375
50 0.2796484375 0.28552343750000003 0.012640624999999999 0.062890625
50 0.2940859375 0.28572656250000006 0.012078125 0.059484375
50 0.32106250000000003 0.2881875 0.0108125 0.06434375
50 0.307828125 0.283578125 0.01246875 0.053000000000000005
50 0.4012890625 0.32235156249999997 0.014296875 0.018078125
50 0.416640625 0.32063281250000003 0.01096875 0.022046875
50 0.3701015625 0.2851328125 0.012765625 0.060171875
79 0.5493671875 0.4937734375 0.219203125 0.252984375
81 0.8547890625000001 0.47300781249999996 0.287015625 0.090515625
46 0.7502734375 0.41225 0.021484375 0.0366875
47 0.0751484375 0.450484375 0.019109375 0.0236875
47 0.0090703125 0.4854765625 0.017515625 0.022171875
50 0.33402343749999996 0.2858203125 0.018203125 0.060984375
50 0.3834453125 0.28178125000000004 0.010859375000000001 0.04853125
50 0.35739062499999996 0.2809765625 0.01121875 0.048765625
50 0.26565625000000004 0.2848359375 0.01209375 0.053203125
