36 0.5047578125 0.38675 0.138421875 0.024125
36 0.90290625 0.45221093749999997 0.06725 0.043640625
36 0.8187578125 0.40959375 0.150640625 0.014656250000000001
36 0.451140625 0.36541406249999997 0.10774999999999998 0.028546875
36 0.35019531249999997 0.3926171875 0.031359375 0.014421875
36 0.1350078125 0.39913281250000004 0.10067187500000001 0.037140625
1 0.35821875000000003 0.289265625 0.055906250000000005 0.19693750000000002
1 0.2132578125 0.29889062499999997 0.062328125 0.23971874999999998
1 0.4256484375 0.3301015625 0.10098437499999999 0.10132812499999999
1 0.5847265625 0.2904375 0.062078125 0.18456250000000002
1 0.6329921875 0.284875 0.042390625 0.1494375
1 0.7923359375 0.30391406249999997 0.078921875 0.19532812500000002
1 0.9860546874999999 0.2884453125 0.027890625000000002 0.134390625
36 0.5809218749999999 0.37936718750000004 0.10596874999999999 0.018515625
1 0.966890625 0.43359375 0.06621875 0.159875
