72 0.49247656249999994 0.42589062499999997 0.148984375 0.11153125
62 0.244296875 0.4362421875 0.17375000000000002 0.182890625
62 0.0815078125 0.39161718749999996 0.055171875 0.11942187500000001
85 0.50671875 0.0931015625 0.034499999999999996 0.036765625
84 0.0195 0.5088203124999999 0.039 0.037140625
84 0.1440234375 0.4492109375000001 0.037203125 0.014140625
84 0.1385390625 0.46536718749999995 0.047109374999999995 0.017953125
85 0.523515625 0.1495390625 0.01215625 0.012921875
1 0.3916875 0.325640625 0.0121875 0.020374999999999997
1 0.6170937500000001 0.33134375 0.02275 0.038656249999999996
1 0.40247656249999997 0.330328125 0.011953125 0.02640625
67 0.0931015625 0.36053124999999997 0.089953125 0.025312499999999998
