77 0.347171875 0.4662890625 0.05328125 0.016890625
62 0.5270078125 0.6079609375 0.160421875 0.097453125
62 0.14917968750000002 0.44903906250000003 0.049484375000000004 0.10345312499999999
62 0.9021796875 0.6448828125 0.17685937499999999 0.044609375
1 0.299453125 0.36175 0.2925625 0.25393750000000004
73 0.446859375 0.4056796875 0.20065624999999998 0.12142187499999998
27 0.5017968749999999 0.45525781249999997 0.2504375 0.12982812500000002
67 0.38468749999999996 0.5484765625 0.7693749999999999 0.22389062499999998
31 0.502984375 0.45430468749999997 0.25315625 0.134015625
62 0.6945156250000001 0.5956484375 0.21568749999999998 0.139921875
62 0.064859375 0.507484375 0.12971875 0.0980625
75 0.27103125 0.48110156249999997 0.08609375 0.024265625
