4 0.6417031249999999 0.510515625 0.46478125 0.259375
4 0.6776640625 0.5334999999999999 0.644671875 0.25187499999999996
4 0.551421875 0.3904296875 0.0213125 0.017609375
4 0.6345937500000001 0.473578125 0.3090625 0.10134375
4 0.5836875 0.41778906250000003 0.10384374999999998 0.038234375
1 0.32181249999999995 0.414625 0.033937499999999995 0.1155
1 0.3529453125 0.4182734375 0.035890624999999995 0.079171875
28 0.22552343749999998 0.4064609375 0.052640624999999996 0.082828125
1 0.49571875 0.38630468749999997 0.016593749999999997 0.043609375
4 0.5969453125 0.4193828125 0.179515625 0.075953125
44 0.269765625 0.4645625 0.02628125 0.0468125
1 0.48057031249999993 0.3845234375 0.012453124999999999 0.043140625
1 0.2101953125 0.4302265625 0.033640625 0.095015625
44 0.2457890625 0.46467968750000005 0.024765625 0.045828125
4 0.5739375 0.4023515625 0.109375 0.055359375
4 0.57115625 0.3962421875 0.08621875 0.036171875
