6 0.3541328125 0.36442968750000004 0.089796875 0.059859375000000006
6 0.9472421875 0.33842187500000004 0.105515625 0.1076875
1 0.9328515625 0.316890625 0.012671874999999999 0.01978125
1 0.9124140625 0.32028906249999994 0.018671874999999998 0.027078124999999998
1 0.925765625 0.3293828125 0.0116875 0.008046875
1 0.9493281250000001 0.31613281249999997 0.014468749999999999 0.036890624999999996
1 0.9787109375000002 0.3419609375 0.009171875 0.028515625
25 0.7293359374999999 0.34555468749999996 0.36729687499999997 0.49623437499999995
25 0.56959375 0.3643984375 0.1211875 0.139421875
8 0.9376249999999999 0.3418671875 0.12475 0.10904687500000002
1 0.9690859375 0.32965625000000004 0.006890625 0.01003125
8 0.3538203125 0.3630703125 0.092984375 0.061171875
1 0.96396875 0.31278125 0.010781250000000001 0.021562500000000002
1 0.9000390625000001 0.326375 0.008671874999999999 0.01509375
1 0.3626171875 0.3592265625 0.007421875 0.008078125
