4 0.753421875 0.3175234375 0.21246874999999998 0.125546875
1 0.28979687499999995 0.3644453125 0.38478124999999996 0.542609375
1 0.7695390624999999 0.26267968750000004 0.077734375 0.144703125
1 0.8241484375 0.2723828125 0.052203124999999996 0.14945312500000002
52 0.42019531250000003 0.490671875 0.031265625000000005 0.03365625
52 0.262375 0.6184140625 0.12593749999999998 0.095953125
52 0.78128125 0.44990624999999995 0.10887500000000001 0.10134375
52 0.6860468750000001 0.55425 0.330875 0.225875
52 0.44515625000000003 0.56584375 0.27471875 0.2026875
8 0.0346640625 0.2230234375 0.062390625 0.440171875
52 0.9024843749999999 0.5624296875 0.19503125 0.207671875
52 0.26067968750000003 0.5226015625 0.121359375 0.096546875
52 0.17740625 0.5672578125 0.0520625 0.044765624999999996
52 0.4699609375 0.420015625 0.064359375 0.09140625
