9 0.7537578125000001 0.1250703125 0.011109375000000001 0.029015625
41 0.1021953125 0.17826562499999998 0.08820312500000001 0.08159374999999999
41 0.5505390625000001 0.2825546875 0.049078125 0.016765625
41 0.140859375 0.27799999999999997 0.05428125 0.04778125
41 0.048343750000000005 0.29571875000000003 0.08184375 0.01775
27 0.7541953125 0.2194453125 0.031359375 0.053078125
27 0.520328125 0.23563281249999998 0.03025 0.014984375
1 0.6442656250000001 0.223296875 0.08265625 0.14859375
1 0.881640625 0.15114062499999997 0.00646875 0.01915625
1 0.40767968750000005 0.2495234375 0.097828125 0.090546875
1 0.0537734375 0.2315078125 0.066203125 0.119265625
1 0.5842265625 0.19772656249999998 0.073109375 0.171609375
1 0.1636484375 0.208828125 0.059953124999999996 0.058812500000000004
1 0.24796875 0.22939062500000001 0.0718125 0.11671875000000001
1 0.16284375 0.1312421875 0.16596875 0.179140625
1 0.3180703125 0.2164140625 0.066546875 0.125953125
1 0.2563671875 0.1743671875 0.038296875 0.098578125
1 0.4849296875 0.160046875 0.009265625 0.02265625
27 0.187546875 0.23739843750000003 0.047343750000000004 0.020546875
1 0.1203671875 0.24592187499999998 0.075421875 0.10931249999999999
41 0.24569531250000004 0.28828906249999997 0.063296875 0.012359375
41 0.6385703125 0.2846875 0.014671875000000001 0.019625
1 0.696375 0.2178984375 0.057374999999999995 0.117171875
1 0.62265625 0.153125 0.7203125 0.05625
