1 0.5022265625 0.46748437499999995 0.119234375 0.2741875
43 0.48439843750000006 0.44536718749999993 0.036859375 0.042609375
37 0.42706249999999996 0.5902343750000001 0.0120625 0.010624999999999999
37 0.438421875 0.5870703125 0.0113125 0.011046875000000001
37 0.4218515625 0.6160234375000001 0.006609375000000001 0.004984375
37 0.4252578125 0.575640625 0.017671875 0.0194375
37 0.4253203125 0.600578125 0.012515624999999999 0.013093750000000001
37 0.43753125 0.59759375 0.0098125 0.01178125
37 0.429828125 0.6144609375 0.013625000000000002 0.016921875
37 0.4392734375 0.57490625 0.010015625 0.011375
