62 0.41782031249999996 0.31107812500000004 0.151515625 0.127375
62 0.30109375 0.30121093749999994 0.07984375 0.14260937499999998
62 0.241765625 0.296 0.10565625000000001 0.15109375
62 0.3328125 0.48984374999999997 0.2484375 0.0609375
73 0.366453125 0.391109375 0.16678125 0.16090625
74 0.4833984375 0.47343749999999996 0.031640625 0.028125
74 0.1953125 0.3906015625 0.033 0.020171875
74 0.08760937499999999 0.3421328125 0.02975 0.014296875
74 0.013523437499999999 0.275875 0.023609375 0.00978125
74 0.5090234375 0.2971640625 0.016015625 0.007109374999999999
74 0.7238671875 0.3237265625 0.013734374999999998 0.013234375000000001
51 0.2253125 0.440234375 0.083125 0.05115625
62 0.0905546875 0.262984375 0.09426562499999999 0.1074375
62 0.3050546875 0.2122734375 0.049171875 0.045203125
73 0.159015625 0.33615625 0.13796875 0.1274375
73 0.4840625 0.262296875 0.095875 0.06665625
73 0.383203125 0.355984375 0.7640625 0.31109375
73 0.024765625 0.254234375 0.0471875 0.03875
62 0.6632734374999999 0.3446875 0.132328125 0.101
62 0.0711171875 0.45462499999999995 0.140234375 0.13084374999999998
62 0.6020234375 0.4959453125 0.205859375 0.048734375
72 0.4011953125 0.24153125 0.048046875 0.045406249999999995
72 0.32962499999999995 0.2282734375 0.014781250000000001 0.044640625
72 0.3100625 0.21703124999999998 0.010374999999999999 0.031968750000000004
72 0.0518984375 0.257484375 0.017203125 0.057499999999999996
72 0.079015625 0.2910546875 0.061343749999999996 0.07470312500000001
72 0.6660859375000001 0.274546875 0.078515625 0.061125
