3 0.8351875 0.373109375 0.20509375 0.13346875
6 0.6868359375 0.3121875 0.420015625 0.1515
1 0.29932031249999996 0.3685625 0.064328125 0.1505625
1 0.40753125 0.35372656249999995 0.02834375 0.07860937500000001
1 0.5788671875 0.34014843749999996 0.043296875 0.06932812499999999
1 0.3556640625 0.3393671875 0.029015625 0.079734375
1 0.620859375 0.35165625 0.03934375 0.11356250000000001
1 0.434328125 0.350140625 0.02409375 0.0779375
1 0.33002343749999996 0.3479765625 0.026640625 0.081609375
1 0.653640625 0.36132031249999996 0.04828125 0.12410937500000001
1 0.5318828125 0.357 0.026921875 0.0631875
1 0.485359375 0.377921875 0.0290625 0.025
1 0.45507031249999996 0.35270312499999995 0.025296875000000003 0.07509375
8 0.16379687499999998 0.358171875 0.27228125 0.11381250000000001
8 0.061781249999999996 0.33340624999999996 0.11925 0.047843750000000004
