44 0.286640625 0.43982031250000003 0.028968749999999998 0.083078125
79 0.0846875 0.6205859375 0.12162500000000001 0.282078125
81 0.4712421875 0.6258671874999999 0.22939062500000001 0.192265625
81 0.3613359375 0.540609375 0.212796875 0.062
44 0.3652421875 0.4456171875 0.047703125 0.11517187499999999
51 0.29524999999999996 0.498859375 0.057843750000000006 0.05134375
84 0.13672656249999998 0.46368750000000003 0.070921875 0.0110625
44 0.22457812500000002 0.4561328125 0.039625 0.11479687499999999
44 0.29408593749999995 0.44970312500000004 0.021265625 0.050249999999999996
44 0.3235078125 0.45967968749999993 0.017296875 0.051515624999999995
