1 0.302109375 0.33359375 0.59821875 0.6671875
1 0.1731640625 0.2773671875 0.244390625 0.350828125
52 0.24043749999999997 0.36071093750000005 0.11534375 0.11179687499999999
52 0.4512890625 0.4437890625 0.10795312500000001 0.11395312500000002
52 0.4145703125 0.51409375 0.114015625 0.15171874999999999
52 0.1471796875 0.5798984375 0.088640625 0.169359375
52 0.196078125 0.5518203125 0.08115625 0.156671875
52 0.3545859375 0.052851562500000004 0.043484375 0.10495312500000001
52 0.35964062500000005 0.5819765625 0.0688125 0.170421875
52 0.49730468749999995 0.36534375 0.11392187499999999 0.08040625
52 0.3570234375 0.36459375 0.166203125 0.058125
52 0.183234375 0.40339843750000004 0.1375 0.15826562500000002
52 0.1141484375 0.4913125 0.143328125 0.10725
52 0.47274218749999997 0.061015625 0.063953125 0.12203125
1 0.6013359375 0.3933828125 0.256484375 0.544140625
