31 0.650796875 0.6315078125 0.046468749999999996 0.068859375
33 0.2061796875 0.5557734375 0.11795312499999999 0.222265625
27 0.31325 0.6097187500000001 0.1008125 0.14771875
27 0.6902968749999999 0.53765625 0.10653125000000001 0.0715625
27 0.3005625 0.48778125 0.0770625 0.08090625
33 0.588984375 0.381234375 0.0345625 0.069625
62 0.658578125 0.31928125 0.07775 0.0560625
31 0.7717265625 0.6005234375 0.07614062499999999 0.034828125
33 0.6233124999999999 0.46983593749999997 0.05271875 0.099796875
33 0.7540703125 0.6692265625 0.205109375 0.10814062499999999
33 0.64325 0.47796875 0.046718749999999996 0.06721875000000001
9 0.5380234374999999 0.334015625 0.109421875 0.021156249999999998
