44 0.38693750000000005 0.5145703125000001 0.047343750000000004 0.198515625
44 0.4292265625 0.5275234375000001 0.047140625000000005 0.184046875
44 0.550703125 0.5835546875000001 0.059187500000000004 0.210671875
44 0.724765625 0.5628124999999999 0.038406249999999996 0.0884375
67 0.437546875 0.5907500000000001 0.6919375 0.30696875
1 0.35075 0.3826015625 0.1640625 0.271171875
46 0.6962031249999999 0.686328125 0.06996875 0.13671875
46 0.6249296875 0.6884921875 0.077515625 0.131390625
46 0.28714843749999996 0.5727656250000001 0.047015625 0.12315625
46 0.28434375 0.5262109375 0.0401875 0.042546875
46 0.34400000000000003 0.55984375 0.049093750000000005 0.1064375
46 0.5425156250000001 0.6738984374999999 0.07203125 0.161578125
47 0.23306249999999995 0.5531015625 0.0625625 0.086765625
51 0.3754609375 0.6797265625 0.20182812499999997 0.074609375
51 0.32853906250000003 0.64334375 0.063078125 0.034749999999999996
50 0.29711718750000005 0.67815625 0.044671875 0.00721875
50 0.4467890625 0.6653359375000001 0.048859375 0.012015625
1 0.1992265625 0.43406249999999996 0.20935937500000001 0.42884374999999997
