20 0.5360390625 0.433703125 0.042828125 0.055874999999999994
20 0.606390625 0.4267578125 0.0335625 0.063046875
20 0.6830624999999999 0.4034921875 0.03225 0.035296875
20 0.3721171875 0.45404687499999996 0.034546875 0.04184375
20 0.3003125 0.43278124999999995 0.027250000000000003 0.04384375
20 0.3361796875 0.4450234375 0.045015625 0.077921875
20 0.371359375 0.4169453125 0.029249999999999998 0.035296875
20 0.27973437500000004 0.42588281250000004 0.02275 0.023671875000000002
20 0.5099921875000001 0.41334374999999995 0.028015625 0.03603125
20 0.8836484374999999 0.37114062500000006 0.015953125000000002 0.01703125
20 0.5199765625 0.3947421875 0.018953125 0.023390625
20 0.652078125 0.4081015625 0.01209375 0.025578125
20 0.8104140625 0.3720390625 0.013515625 0.012890625
20 0.26980468750000003 0.4131796875 0.030609375 0.040015625
20 0.13634374999999999 0.389171875 0.02071875 0.0280625
20 0.53828125 0.38437499999999997 0.7828125 0.075
