62 0.0909375 0.3079609375 0.135 0.158390625
63 0.363953125 0.35943749999999997 0.421375 0.290375
63 0.7282265625 0.5242578125 0.444171875 0.314453125
85 0.8820625 0.15195312500000002 0.0684375 0.0675
46 0.41129687500000006 0.35345312500000003 0.02034375 0.0395625
51 0.969796875 0.38525 0.06003125 0.058499999999999996
51 0.986140625 0.429234375 0.027718749999999997 0.051968749999999994
67 0.8159921875 0.5213828125 0.368015625 0.366171875
84 0.29117187499999997 0.2008125 0.0376875 0.0393125
84 0.58775 0.37640625 0.01046875 0.005156249999999999
84 0.2279296875 0.206453125 0.032734374999999996 0.036
84 0.3158359375 0.20290625 0.023484375 0.02525
62 0.0865859375 0.4305390625 0.087640625 0.11595312499999999
63 0.8596953125000001 0.36770312499999996 0.280609375 0.1596875
