44 0.629984375 0.2218515625 0.0156875 0.022765625
1 0.4575 0.2806015625 0.21134375 0.39904687499999997
44 0.5917578124999999 0.1830625 0.008828125000000001 0.0296875
44 0.6198671874999999 0.18366406249999997 0.008828125000000001 0.029328125
44 0.6388125000000001 0.1829296875 0.007593750000000001 0.029515625
44 0.6662265625000001 0.1823515625 0.008109375 0.030984374999999998
44 0.6948359375 0.185125 0.005859375 0.02409375
44 0.5676406249999999 0.22126562500000002 0.007656250000000001 0.025093749999999998
44 0.5804296875 0.22125 0.005765625 0.02459375
44 0.582 0.18267187499999998 0.010875 0.031
39 0.1663046875 0.3146640625 0.24070312500000002 0.259296875
44 0.6153046875 0.22123437499999998 0.017546875 0.024875
1 0.12390625 0.2621875 0.21053125 0.313625
44 0.5534453125000001 0.18482031249999997 0.012234375 0.032953125
44 0.574515625 0.22137500000000002 0.006500000000000001 0.024625
44 0.5952890625 0.22107812500000001 0.008671874999999999 0.027437499999999997
44 0.60234375 0.20390625 0.1171875 0.0828125
