22 0.39353125 0.49036718749999997 0.22962500000000002 0.280984375
22 0.65371875 0.5439140625000001 0.3209375 0.393578125
1 0.644296875 0.2813671875 0.14750000000000002 0.15626562500000002
1 0.604796875 0.2167265625 0.07115625 0.164328125
1 0.3653515625 0.27492187500000004 0.022953124999999998 0.04253125
1 0.401765625 0.3381015625 0.058062499999999996 0.13973437500000002
1 0.34070312499999994 0.3136875 0.06837499999999999 0.14253125
1 0.36803125000000003 0.2399921875 0.0378125 0.05795312500000001
1 0.5418671875000001 0.2669609375 0.081171875 0.224609375
1 0.6798046875000001 0.2116640625 0.094421875 0.174546875
1 0.40871875 0.29540625 0.06840625 0.12653125
1 0.30637499999999995 0.26980468750000003 0.02296875 0.060453124999999996
1 0.32385156249999997 0.255 0.013453125 0.03553125
1 0.33971874999999996 0.23355468750000002 0.02103125 0.019890625000000002
1 0.3485859375 0.23046875 0.010109375 0.01159375
1 0.31484375 0.2890625 0.0203125 0.078125
