62 0.645625 0.5855 0.251625 0.329
62 0.7135312500000001 0.523921875 0.1895625 0.29771875
62 0.38378124999999996 0.534125 0.1695 0.30878125
62 0.2529296875 0.5906874999999999 0.25989062500000004 0.318625
67 0.42314843750000003 0.52534375 0.359796875 0.1266875
46 0.086609375 0.22030468749999998 0.017343749999999998 0.050578124999999995
46 0.066640625 0.220015625 0.02265625 0.056374999999999995
46 0.0549609375 0.2245390625 0.020328125 0.046453125
84 0.0682578125 0.4685390625 0.055609375 0.013484375000000002
46 0.028187499999999997 0.227015625 0.017499999999999998 0.0450625
46 0.0417578125 0.22667187500000002 0.012640624999999999 0.0429375
47 0.49521875 0.4842734375 0.01915625 0.042796875
84 0.0508828125 0.44787499999999997 0.034328125 0.027968749999999997
84 0.44507812499999994 0.4528046875 0.02778125 0.040234375
84 0.4681015625 0.4528203125 0.028703125000000003 0.033546875
84 0.47187500000000004 0.4519609375 0.029906250000000002 0.033265625
86 0.08737500000000001 0.3438671875 0.026625 0.041953125
86 0.036718749999999994 0.3427109375 0.021968750000000002 0.051265625
84 0.2528515625 0.5017421875 0.026203125 0.019578125
84 0.47443749999999996 0.45115625000000004 0.03265625 0.033
46 0.03578125 0.23855468750000003 0.00865625 0.021484375
46 0.04990625 0.2371015625 0.00846875 0.019890625000000002
