72 0.3644921875 0.22415625 0.272421875 0.18912500000000002
72 0.6348749999999999 0.22779687499999998 0.26653125 0.19134374999999998
77 0.3707109375 0.341921875 0.052171875 0.0325
77 0.28883593750000003 0.33531249999999996 0.056109374999999996 0.0376875
73 0.8525859375 0.28690625000000003 0.284578125 0.24334375000000003
74 0.940234375 0.5304609375 0.064 0.061421875
74 0.625828125 0.38188281250000006 0.0448125 0.033140625
76 0.43046875000000007 0.37682812499999996 0.23325 0.061
76 0.751734375 0.4510078125 0.198375 0.119953125
73 0.1485 0.3163203125 0.294 0.259671875
76 0.8396406250000001 0.3314140625 0.1826875 0.087609375
