16 0.5612890625 0.34919531249999997 0.151609375 0.069359375
16 0.24009375 0.47962499999999997 0.04978125 0.08190625
16 0.256125 0.4274375 0.13018749999999998 0.08984375
52 0.4035703125 0.4173828125 0.182953125 0.040171875
52 0.5446015625 0.53628125 0.17679687500000002 0.040031250000000004
52 0.6582734375 0.47025 0.147984375 0.081
16 0.7578515625 0.44508593750000003 0.149046875 0.06739062500000001
52 0.793828125 0.4870546875 0.1316875 0.042859375
52 0.197921875 0.489546875 0.05884374999999999 0.04034375
52 0.32375781249999996 0.4667890625 0.075328125 0.031046875
52 0.2923671875 0.4822734375 0.063296875 0.032578125
