67 0.3478359375 0.569640625 0.695671875 0.18884375
1 0.752109375 0.3991875 0.44768749999999996 0.5118437499999999
1 0.2402578125 0.360390625 0.31039062500000003 0.34471875
1 0.9598671875 0.314015625 0.080265625 0.15106250000000002
46 0.1742421875 0.553609375 0.061828125 0.11990624999999999
46 0.36090625 0.610046875 0.07828125 0.10803125
46 0.4233984375 0.6269453125 0.088609375 0.073828125
49 0.21771875000000002 0.5110390625 0.02840625 0.041921875
51 0.544828125 0.6142578125000001 0.11821875 0.07470312500000001
51 0.6285390625 0.3461015625 0.090796875 0.036671875
1 0.8659453125000001 0.304546875 0.097609375 0.12265625
46 0.11339843749999999 0.5723750000000001 0.109109375 0.16115625
50 0.22434374999999998 0.5186640625 0.03284375 0.046828125
50 0.3250859375 0.5932734375000001 0.076109375 0.041890625
50 0.461125 0.6151796875 0.093375 0.050796875
51 0.0412734375 0.5440859375 0.080328125 0.036296875
62 0.4030234375 0.436953125 0.024734375 0.0665625
67 0.47635937500000003 0.4613984375 0.175 0.198921875
67 0.9508984375 0.42889062499999997 0.09764062500000001 0.139375
47 0.4604765625 0.374953125 0.028765625 0.0225625
62 0.97575 0.5393671875 0.0485 0.24939062500000003
