44 0.139609375 0.378 0.0939375 0.1713125
50 0.7442265625 0.08149218750000001 0.271203125 0.16298437500000001
51 0.7121718749999999 0.2266796875 0.32684375 0.22939062500000001
53 0.8609999999999999 0.5295859374999999 0.04525 0.049515625
50 0.8381093749999999 0.0844140625 0.06478125 0.13314062499999998
50 0.6832421874999999 0.1081953125 0.085171875 0.11079687499999999
50 0.5738828125000001 0.09612499999999999 0.038234375 0.0943125
53 0.9412265625000001 0.5389609375 0.046703125 0.041921875
67 0.5 0.47564843749999997 1.0 0.383078125
44 0.9600468750000001 0.37975 0.07990625 0.1635
