19 0.5668828125 0.47589062499999996 0.440328125 0.54821875
1 0.16348437500000002 0.3724765625 0.10787500000000001 0.411234375
1 0.2268359375 0.3266328125 0.071171875 0.300234375
1 0.3347421875 0.297375 0.046734375 0.11515625
1 0.29475 0.2702265625 0.01975 0.047828125
1 0.30882031249999997 0.25203906249999997 0.008234374999999999 0.023578125
1 0.4350078125 0.3912265625 0.075890625 0.333234375
1 0.31760156250000005 0.2655234375 0.013859374999999998 0.028828125
1 0.26467187499999995 0.323859375 0.02559375 0.059843749999999994
9 0.7494609375 0.18908593750000002 0.023703125 0.006015625
1 0.3281484375 0.2530546875 0.009765625 0.017359375
1 0.0210703125 0.5325859374999999 0.042140625 0.41798437499999996
1 0.20454687500000002 0.370625 0.072375 0.30878125
