21 0.9280468749999999 0.4102109375 0.05675 0.053390625000000004
21 0.9283671875000001 0.383734375 0.038890625 0.015437500000000002
21 0.8614765625 0.3903515625 0.035984375 0.030703124999999998
21 0.8299921874999999 0.4122734375 0.051234375 0.055640625
21 0.7639921875 0.39351562500000004 0.018796874999999998 0.029625000000000002
21 0.6444375 0.3975390625 0.05234375 0.030453124999999998
21 0.39126562499999995 0.407046875 0.0711875 0.0463125
21 0.48586718749999996 0.3938984375 0.017546875 0.029296875
21 0.12238281250000001 0.4198046875 0.13773437500000002 0.081796875
21 0.5916171874999999 0.3960390625 0.020578125 0.041171875000000004
21 0.2865546875 0.3837421875 0.031671875 0.043296875
21 0.2371796875 0.3956484375 0.027390625000000002 0.050046875000000005
21 0.7512265625 0.3859375 0.026421875 0.02690625
21 0.60859375 0.39531249999999996 0.5171875 0.059375
