1 0.438484375 0.82928125 0.20134375000000002 0.33781249999999996
38 0.194328125 0.41628125000000005 0.0476875 0.11559375000000001
38 0.41968749999999994 0.358359375 0.01840625 0.018312500000000002
38 0.107484375 0.5742421875 0.0199375 0.020640625000000003
38 0.3765078125 0.5621796875 0.022171875 0.016328125
38 0.059250000000000004 0.617953125 0.015062500000000001 0.0145625
38 0.4861875 0.4254609375 0.012562499999999999 0.020109375
38 0.131171875 0.6863750000000001 0.00446875 0.00428125
3 0.08773437499999999 0.8264921875000001 0.04171875 0.041734375000000004
38 0.360796875 0.557484375 0.010312499999999999 0.01303125
38 0.121265625 0.7598671874999999 0.04978125 0.030484375
38 0.371765625 0.6045546875000001 0.01028125 0.011640625
1 0.277921875 0.6922109375000001 0.3065 0.589609375
