63 0.6834296875 0.7595624999999999 0.13314062499999998 0.45784375
1 0.465453125 0.6073203125 0.35421874999999997 0.737359375
1 0.19170312500000003 0.455375 0.23543750000000002 0.67040625
60 0.3790703125 0.520859375 0.095359375 0.0949375
60 0.40338281249999997 0.934453125 0.079578125 0.0610625
60 0.32453125 0.9164765625 0.073375 0.047921875
60 0.39181249999999995 0.9010234375 0.05675 0.033390625
60 0.44596875 0.9192578125 0.05953125 0.049953125
84 0.559203125 0.9841406249999999 0.1938125 0.031468750000000004
60 0.459125 0.9005390624999998 0.07090625 0.038390625
84 0.1054765625 0.9154375 0.207078125 0.11846874999999998
