19 0.5594375 0.7947421875 0.25515625000000003 0.21554687499999997
19 0.4520078125 0.5000703125 0.170453125 0.186765625
19 0.18371875 0.8009843750000001 0.20031249999999998 0.30140625
1 0.1769375 0.4713124999999999 0.053968749999999996 0.1349375
1 0.20421875 0.197484375 0.1610625 0.17028125
1 0.5353203125 0.5261015625 0.06542187499999999 0.139078125
1 0.5826640625 0.535703125 0.043765625 0.12059375000000001
1 0.6323203125 0.5281875 0.057328124999999994 0.13325
1 0.10616406249999999 0.49563281249999996 0.048046875 0.137484375
1 0.4683203125 0.7280156249999999 0.098734375 0.079375
1 0.4701953125 0.19791406250000002 0.067765625 0.12454687499999999
1 0.45169531249999995 0.16247656250000003 0.044703124999999996 0.11667187500000001
1 0.14025 0.176640625 0.03646875 0.067625
77 0.6604218749999999 0.4963359375 0.009281250000000001 0.014921875000000001
1 0.6667890625 0.5251875 0.041953125 0.13874999999999998
19 0.4202265625 0.8095546874999999 0.10785937500000001 0.193265625
77 0.3296640625 0.19321875 0.005953125 0.01603125
1 0.184046875 0.7583828125 0.20971875 0.230234375
77 0.6577890625 0.5055703125 0.004796875 0.005859375
