6 0.6326875000000001 0.308109375 0.7346250000000001 0.58921875
1 0.3545859375 0.47527343749999995 0.12145312500000001 0.353828125
1 0.50334375 0.4501953125 0.1053125 0.325296875
1 0.41390625 0.45229687500000004 0.07009375 0.2575
1 0.2743984375 0.4480703125 0.07307812500000001 0.292390625
1 0.0899609375 0.436296875 0.08395312499999999 0.20690624999999999
1 0.23689062500000002 0.437796875 0.06596874999999999 0.20090625
1 0.1292109375 0.39854687499999997 0.042171875 0.1300625
1 0.039328125 0.3828828125 0.0558125 0.095046875
1 0.6304062500000001 0.3035703125 0.057125 0.058609375
31 0.1372734375 0.46831249999999996 0.042390625 0.08246875000000001
31 0.419 0.45971874999999995 0.06365625 0.141125
31 0.150734375 0.406765625 0.0278125 0.0278125
31 0.071015625 0.45421093749999997 0.05571875 0.071859375
31 0.44146093750000004 0.47857812499999997 0.037890625 0.09171875
31 0.0230859375 0.39512500000000006 0.017890625 0.04146875
1 0.162765625 0.39152343749999996 0.044375 0.155609375
1 0.8474375 0.253578125 0.10178125 0.10596874999999999
1 0.3155 0.33349999999999996 0.027468749999999997 0.0403125
1 0.2452265625 0.3359140625 0.017203125 0.017046875
31 0.30846875 0.5131171875 0.024875 0.07714062499999999
