1 0.15450781249999998 0.42915625 0.095078125 0.18303125
1 0.2524453125 0.422828125 0.098859375 0.174
1 0.44758593750000003 0.241609375 0.088796875 0.10559375
1 0.7430390625000001 0.32954687499999996 0.009390625 0.013593749999999998
1 0.744203125 0.3817421875 0.04696875 0.097578125
1 0.7205312500000001 0.3706796875 0.0235 0.073296875
1 0.046625 0.4068125 0.03653125 0.08931249999999999
1 0.6898359375 0.3568046875 0.023453125 0.047765625
1 0.644234375 0.332484375 0.011875 0.01953125
1 0.708234375 0.36475781249999994 0.01890625 0.06804687499999999
1 0.67021875 0.35632812500000005 0.01875 0.04825
1 0.22798437500000002 0.3769453125 0.029125 0.081640625
1 0.6604687499999999 0.3570546875 0.01621875 0.030328125
22 0.409359375 0.381625 0.26915625 0.211125
1 0.38828125 0.41171875 0.7765625 0.2359375
