38 0.31122656249999997 0.2658125 0.010359375 0.008375
38 0.483546875 0.310234375 0.0076875 0.00584375
38 0.489046875 0.26721093749999997 0.01009375 0.0053906250000000005
38 0.862875 0.36584375 0.009625 0.00865625
38 0.5953906250000001 0.5297890625 0.01134375 0.018828125
38 0.23713281249999998 0.299921875 0.010703124999999999 0.0129375
38 0.245484375 0.09520312499999999 0.013625000000000002 0.007781250000000001
1 0.07421093749999999 0.5752421875 0.030421874999999998 0.072140625
1 0.2286796875 0.5735234375 0.019078125 0.044640625
1 0.29325 0.5855234374999999 0.017125 0.050484375000000005
1 0.357296875 0.5843828124999999 0.0155 0.041140625
1 0.6677578125 0.6337578125000001 0.023234374999999998 0.070421875
1 0.8206796875000001 0.6241015625 0.012609375 0.030515625
1 0.7536171875 0.613515625 0.025609375 0.04578125
1 0.385625 0.6052578125 0.0185 0.037234375
1 0.6501171874999999 0.6318515625 0.015984375000000002 0.063109375
1 0.74171875 0.60815625 0.0115 0.0383125
1 0.7926328125000001 0.6285 0.013265625 0.03503125
38 0.82365625 0.2747890625 0.004 0.005703125
38 0.8138671875000001 0.215140625 0.003640625 0.005093749999999999
1 0.0462734375 0.5818281249999999 0.026140625 0.09921875
38 0.739671875 0.37865625 0.00625 0.0053124999999999995
1 0.1267734375 0.5080859375000001 0.009390625 0.020109375
38 0.5683984375 0.4819531250000001 0.011765625 0.02103125
38 0.9117734375000001 0.29056250000000006 0.019046874999999998 0.00721875
1 0.4984375 0.5109374999999999 0.990625 0.24375
38 0.5015625 0.4421875 0.859375 0.375
