44 0.369875 0.258578125 0.10293749999999999 0.30671875000000004
67 0.3328125 0.5686875 0.665625 0.8235312499999999
47 0.5017421875 0.3239140625 0.094984375 0.21526562500000002
59 0.3668984375 0.632421875 0.47182812500000004 0.44275000000000003
27 0.1700390625 0.2543203125 0.252359375 0.293453125
62 0.6215781250000001 0.112359375 0.08809375 0.18875
62 0.353453125 0.075421875 0.1013125 0.15065625
62 0.131171875 0.23246875 0.26234375 0.376625
62 0.42858593749999996 0.10640625000000001 0.018078125 0.1130625
62 0.1237734375 0.023453125 0.084265625 0.04690625
