72 0.88671875 0.48984375 0.2265625 0.325
62 0.569375 0.575546875 0.33409374999999997 0.11515625
1 0.59253125 0.4571484375 0.36028125 0.390046875
1 0.20396093750000002 0.3319921875 0.35135937500000003 0.661015625
1 0.3424453125 0.32603125 0.222328125 0.6505625
1 0.4950625 0.2970546875 0.2305625 0.493140625
1 0.7288984374999999 0.3178203125 0.11192187499999999 0.267078125
1 0.957796875 0.28807812499999996 0.08440625 0.08784375
73 0.27096093750000005 0.5806250000000001 0.18460937500000002 0.148875
76 0.759046875 0.6320546874999999 0.22578125 0.040109375
1 0.65353125 0.23493749999999997 0.05103124999999999 0.057625
72 0.269015625 0.5837265625 0.19175 0.154296875
74 0.5446328125 0.65203125 0.046984375 0.02059375
