50 0.365765625 0.5073046875 0.27640625 0.483703125
51 0.1469609375 0.266046875 0.290546875 0.3141875
51 0.0903203125 0.6921406250000001 0.180640625 0.11571875000000001
56 0.8971796875 0.2028515625 0.18748437499999998 0.118921875
56 0.6900000000000001 0.5818125000000001 0.22234375 0.31059375
56 0.9461328124999999 0.3756328125 0.10773437500000001 0.194171875
56 0.8196953124999999 0.3205703125 0.14195312499999999 0.194203125
56 0.844609375 0.1703984375 0.18075000000000002 0.143046875
56 0.43881250000000005 0.37508593749999997 0.10178125 0.209234375
47 0.0471875 0.2064609375 0.094375 0.193828125
57 0.5956640625 0.044531249999999994 0.046453125 0.087125
57 0.5537656249999999 0.5910078125 0.08909375 0.191578125
57 0.765203125 0.1996484375 0.06890625 0.060484375
67 0.5126406250000001 0.368 0.9747187500000001 0.736
