1 0.79446875 0.50628125 0.125 0.3186875
1 0.7518203124999999 0.41976562500000003 0.08545312499999999 0.27434375
1 0.5250234375 0.36946093750000003 0.13760937499999998 0.24529687500000003
1 0.3920078125 0.3096640625 0.10110937499999999 0.260453125
1 0.15780468749999998 0.2684921875 0.10320312499999999 0.24679687499999997
1 0.53865625 0.38878124999999997 0.16378125 0.2524375
1 0.1484609375 0.04715625 0.056265625 0.0943125
40 0.428671875 0.337015625 0.02840625 0.03659375
40 0.582234375 0.3862265625 0.02953125 0.035015625
40 0.7500156250000001 0.498109375 0.03225 0.0391875
40 0.2013125 0.288203125 0.0233125 0.03409375
40 0.330859375 0.2774765625 0.0265625 0.023546875000000002
40 0.47225 0.38765625 0.039375 0.0373125
1 0.492609375 0.32128124999999996 0.09615625 0.2644375
1 0.8132890625 0.47903125 0.100453125 0.28775
1 0.7329453125 0.0870703125 0.045109375 0.064859375
40 0.7773125000000001 0.38050000000000006 0.029593750000000002 0.03075
40 0.76784375 0.49116406250000005 0.017812500000000002 0.037109375
1 0.32210937500000003 0.06634375 0.06696875 0.06621875
1 0.29823437499999994 0.2887265625 0.08471875 0.259328125
1 0.26365625 0.0605078125 0.070875 0.121015625
1 0.44453125 0.06796875 0.8671875 0.1359375
