16 0.33389062500000005 0.5968203125 0.063625 0.054421874999999995
16 0.363703125 0.5074531250000001 0.0495 0.0323125
16 0.42293749999999997 0.5191562500000001 0.0429375 0.03740625
15 0.687171875 0.44432031250000004 0.5001875 0.215671875
31 0.19761718749999999 0.3826875 0.022328124999999997 0.07103125
31 0.55778125 0.40671875 0.07075000000000001 0.04228125
31 0.258046875 0.3357734375 0.02034375 0.046171875
1 0.0826328125 0.361609375 0.142359375 0.307625
1 0.765078125 0.2696328125 0.05496875 0.143984375
1 0.2256015625 0.33462499999999995 0.061078125000000004 0.195
1 0.6981406250000001 0.39832812500000003 0.19359375 0.3580625
1 0.5892031249999999 0.4120703125 0.14056249999999998 0.316890625
1 0.1710859375 0.35268749999999993 0.110109375 0.2741875
1 0.013750000000000002 0.3039453125 0.026468750000000003 0.136578125
1 0.6396328125 0.25923437499999996 0.046328125 0.09421874999999999
16 0.34883593749999997 0.5431875 0.027359375000000002 0.034937499999999996
16 0.85190625 0.5013828125 0.06315625 0.032890625
