16 0.441734375 0.4897890625 0.022468750000000003 0.032296875
16 0.4896640625 0.39528125000000003 0.010640624999999999 0.016125
16 0.178625 0.548234375 0.03546875 0.046125
16 0.014953125000000001 0.5566015625 0.029906250000000002 0.054109375
16 0.6918203125 0.464546875 0.017328125 0.032468750000000005
16 0.6098515625 0.4339140625 0.011828125 0.022171875
16 0.662328125 0.4495703125 0.01940625 0.023328124999999998
16 0.6992421874999999 0.56546875 0.022484375 0.07228124999999999
16 0.9210390625 0.49127343749999997 0.022484375 0.038546875
16 0.635625 0.44504687499999995 0.026218750000000002 0.025031249999999998
16 0.9890078124999999 0.5458828124999999 0.021984375 0.053234375
16 0.2859375 0.5390625 0.021875 0.040625
