4 0.212234375 0.6111562500000001 0.0969375 0.137375
4 0.28633593749999997 0.5890546875 0.060078125 0.11451562500000001
1 0.22078906250000002 0.5834609374999999 0.080921875 0.124796875
1 0.156984375 0.5828906249999999 0.04253125 0.10674999999999998
1 0.42490625 0.621890625 0.0675625 0.215
1 0.563875 0.6101015624999999 0.04390625 0.15432812499999998
3 0.1512578125 0.57978125 0.093484375 0.08871875
27 0.39304687499999996 0.5972109375 0.025031249999999998 0.049796875000000004
31 0.390875 0.5877734375 0.0318125 0.074640625
31 0.148609375 0.5698671875 0.026468750000000003 0.041421875000000004
1 0.1752265625 0.5217031249999999 0.026359375 0.0288125
1 0.1524453125 0.527359375 0.020390625000000002 0.018375
1 0.00975 0.5487187499999999 0.012718750000000001 0.04603125
3 0.0674609375 0.5448593749999999 0.085765625 0.0865
28 0.0693359375 0.48535156249999994 0.070453125 0.025921875
1 0.191921875 0.5255625 0.015437500000000002 0.01771875
1 0.21094531249999998 0.5173671875 0.016109375000000002 0.013140625
1 0.22986718749999996 0.5289375 0.017015625 0.025625
1 0.12200781249999999 0.5390859375 0.024140625 0.035765625
1 0.22572656249999998 0.5161015624999999 0.004546875000000001 0.0063593750000000004
1 0.2483515625 0.5364921874999999 0.012140624999999999 0.042640625
31 0.5687890624999999 0.587140625 0.034296875 0.05859375
