44 0.23204687499999999 0.24814843749999999 0.025875 0.055953125000000006
44 0.8014296875000001 0.4846015625 0.015828125000000002 0.024484375
44 0.5651718750000001 0.43760937499999997 0.00425 0.019125
44 0.8146171875 0.4790859375 0.008140625 0.022859375
82 0.201640625 0.491046875 0.27265625 0.4359375
85 0.35098437499999996 0.15028906250000001 0.03659375 0.038671875
62 0.3479375 0.47515625 0.01865625 0.14809375
51 0.9114765624999999 0.5285624999999999 0.045828125 0.031093749999999996
81 0.799390625 0.506828125 0.16434375 0.0335625
81 0.909015625 0.531078125 0.15965625 0.052125
64 0.7927968750000001 0.3909375 0.0354375 0.03871875
44 0.17965625 0.251640625 0.0491875 0.054593749999999996
44 0.0198671875 0.52984375 0.038328125000000005 0.08675000000000001
