72 0.2157265625 0.2312265625 0.238671875 0.12801562500000002
1 0.3877734375 0.33115625 0.238328125 0.491125
1 0.6445312500000001 0.3337890625 0.22253124999999999 0.491140625
74 0.039703125 0.4144609375 0.01878125 0.011078125
75 0.5936484375 0.279546875 0.019890625000000002 0.01553125
75 0.552125 0.2728515625 0.04434375 0.024578125
75 0.2907109375 0.291375 0.020953125 0.01925
76 0.01628125 0.4114296875 0.0325625 0.019546875
76 0.027476562500000003 0.388265625 0.054953125000000005 0.0270625
72 0.7557968749999999 0.341703125 0.042625 0.0880625
