3 0.458140625 0.330125 0.06687499999999999 0.060375
3 0.3758828125 0.179359375 0.040296874999999996 0.059281249999999994
3 0.5004375 0.24420312500000002 0.04953125 0.04234375
10 0.2008828125 0.1844453125 0.011046875000000001 0.011046875000000001
10 0.4380546875 0.12478125 0.015328125000000001 0.0388125
10 0.24751562500000002 0.0676171875 0.026500000000000003 0.030171874999999997
10 0.3245625 0.0496640625 0.0063437499999999996 0.008671874999999999
3 0.4240859375 0.1183046875 0.019859375000000002 0.019859375000000002
3 0.40364843749999996 0.087265625 0.021171875 0.016625
10 0.6053203125 0.13931249999999998 0.017609375 0.028468749999999998
3 0.4503671875 0.15390625 0.038796874999999995 0.03365625
3 0.32749999999999996 0.17623437500000003 0.029031249999999998 0.03671875
3 0.2473671875 0.48851562500000006 0.085671875 0.12437499999999999
3 0.41110156249999996 0.04228125 0.010046875 0.00834375
10 0.6871875000000001 0.1103671875 0.02753125 0.024078125
10 0.17725 0.09890625 0.02103125 0.01796875
10 0.07234375 0.30815624999999996 0.03471875 0.028937499999999998
10 0.343109375 0.21615625 0.021968750000000002 0.048125
10 0.41165625 0.02134375 0.0088125 0.00503125
3 0.396140625 0.0386875 0.01028125 0.00925
3 0.2860390625 0.3209765625 0.058578125 0.075953125
3 0.3758984375 0.44803906250000003 0.072484375 0.143953125
8 0.5103671875000001 0.15537499999999999 0.064171875 0.06815625
10 0.6657109375 0.22356250000000003 0.009765625 0.048843750000000005
