62 0.565859375 0.5312421875 0.1174375 0.17489062500000002
62 0.49654687499999994 0.47625781249999993 0.0521875 0.081765625
1 0.3423359375 0.421171875 0.265765625 0.47296875
1 0.039515625 0.5571484375 0.07903125 0.338109375
49 0.2841640625 0.6566875000000001 0.017890625 0.01578125
51 0.18546875000000002 0.7992109374999999 0.1764375 0.080359375
61 0.45059375 0.7036328125000001 0.39465625000000004 0.152859375
49 0.6034296875 0.7437734375 0.124265625 0.023171875
67 0.3328125 0.8033750000000001 0.665625 0.37078125
1 0.1197109375 0.5293984375 0.13954687500000001 0.312984375
1 0.6225703125 0.4805546875 0.084390625 0.253140625
48 0.1396171875 0.7848046874999999 0.035546875 0.022859375
48 0.24197656250000002 0.7876015625 0.033484375 0.008890625000000001
62 0.1925625 0.5053125 0.014218749999999999 0.0665625
62 0.6398671874999999 0.5653203124999999 0.018515625 0.081265625
62 0.012953125 0.6143671875000001 0.0185 0.016890625
62 0.18206250000000002 0.62909375 0.025718750000000002 0.08784375
